D4elev.dat73584003.txt
ncols         813
nrows         326
xllcorner     380045.00000346
yllcorner     493695.00002474
cellsize      50
NODATA_value  -9999
[rows 140 to 159 of 326, columns 138 to 183 of 813]
471.497437007288 481.4605525596 482.682186990503 481.181712589065 479.179613751904 476.461860073584 475.784226904678 477.658950937723 478.893732104641 481.165272037212 481.179943073758 480.033106359346 481.17162625963 479.57732841822 477.278262666004 474.2203063271 471.925331902919 471.162934800894 467.287945185627 463.513065916123 460.002259098315 455.401520051139 450.464977572184 448.799308475395 446.521265928837 445.001077425382 443.779429474262 441.474331890749 438.010743805825 434.580552825543 430.712461518573 426.876658035116 422.93024578323 416.039391448116 407.113969057682 389.823620030295 372.410414591984 363.875543946819 374.401357707491 391.975920078732 414.856607591546 429.747196655151 437.938506354193 444.148614965287 446.586508615056 452.709105873492
481.37451671581 484.174390728857 483.105319326292 480.027357361469 478.871844300608 472.386082700291 470.176423841071 472.002921024753 477.656588502428 478.50028450563 479.199514822878 479.597065418921 479.594275690455 478.892006102151 477.278080776156 473.807769365659 470.858054235085 469.595812565993 466.11773166683 462.341767127853 461.042860878052 455.390807316232 450.416614326198 447.696924647774 445.726403626926 444.607098727859 443.37905926888 441.100668258446 438.38338289113 434.979889882691 431.064102193661 426.930025005303 423.746290226662 416.876058626313 408.610150060477 392.547154276647 373.499650005207 362.180863726688 371.516390335892 387.286638708484 408.248475787006 424.85026933579 435.627150417462 442.850222173818 445.732391307403 450.767101355549
481.819060252664 488.025679556645 487.637207134545 481.218353758529 481.132706385283 472.307339661171 468.910011074366 473.459878045922 473.841317329368 476.885842696685 478.093375807239 478.888124071912 478.891497395095 478.096714376944 476.887086050881 474.589631873276 472.259734473769 469.572215885129 466.098980707751 462.330626420984 460.975521233102 453.84506542896 449.618397537835 446.529932416982 445.400715055026 444.577887727487 443.34988825469 441.05050038025 437.975612633214 434.561815698727 430.010954061184 426.907030892421 424.902183865015 417.935050203265 408.666361732575 391.727900000839 374.947137206179 360.520577470051 366.52518383164 383.361006672729 399.95682103266 420.166127025594 432.203867127654 438.794086880715 444.968209074347 450.745582975269
478.011805762511 483.829653027309 485.734626065345 482.663321414793 478.395735131174 468.693545377543 471.153092039298 470.826222535062 472.724870768902 476.162012338645 476.895396370687 477.693734403132 478.092286804913 477.69056083712 476.486772069865 474.589656568806 472.279514657155 469.170327506723 465.79283886972 461.931716346527 459.52050099424 452.353420608628 448.43648787373 446.099244943348 444.574554501811 443.761254698343 442.273368458446 439.979539078671 436.859735434072 432.32830068723 428.823375452094 426.101926969787 423.712327441847 416.522767828498 409.680858932152 389.48662620811 373.019976646609 359.31738600528 360.452691769568 376.076218490109 395.753497535668 414.850882969957 427.891004859251 437.848838855003 444.97967160979 448.904179501709
468.435024429771 474.160562152003 478.834532686377 479.509082671946 473.016052256709 459.191072767206 471.104240191131 468.82970367319 473.073464883806 474.58193286101 475.400094742253 476.496743214559 477.288850955113 476.892634584438 476.179580307252 473.794644029436 471.496415818966 468.781512261023 465.350518973771 461.872532298009 457.657747317332 450.81982688534 448.785424077766 444.245505408575 442.332935287292 441.530367505634 440.716527752997 439.541506254377 435.257887583403 430.735410698539 427.342692179975 425.277564481811 421.833720304884 416.46504042216 409.19935200333 384.303853877368 370.738599299686 358.164309868977 359.232116624611 370.217577660543 393.367974058213 411.366920218459 424.872645734448 435.6594019876 444.133692987628 451.017442080312
455.412117714907 463.752282505425 469.114031362994 468.037171395772 464.939508468118 458.827287346289 459.020964574492 471.138737616536 471.512727821641 472.701887215314 473.801248730024 475.781300089181 476.189381638895 475.791935739229 474.986049956791 473.483128176282 470.789889042058 468.452489763826 463.114698142466 459.994876531488 456.491543169112 452.697636149605 449.163240437575 443.475681458538 440.101930106898 441.064474639676 441.040443593874 437.637140664408 433.41009738408 429.611999100732 426.525137463681 424.15881500134 419.234911061435 414.569783254093 407.350491403823 384.644350469718 368.108128583289 357.018219889779 358.517826897817 369.443137567661 389.081268107678 409.661614793584 422.295090719248 433.004685725595 442.694434953586 448.407979345345
445.723683294618 452.261235160928 454.976856083573 454.609479801217 450.332477553833 460.431270744069 469.4675623639 471.466625625437 471.190559899556 470.832349205569 472.305712571186 474.186513521132 474.98187840309 474.194272618044 473.486350719143 471.89049356713 471.133535169511 465.749879502393 461.505922170322 458.392330065863 455.411583365957 452.336653078881 451.010554356518 445.332953654053 438.933198047391 439.554861245658 437.994106278717 435.679993748154 431.896502471656 428.426889526515 426.093786022013 423.328492159729 418.023991187155 414.448445149489 402.525803925974 386.597088060851 371.012179156952 355.905586876341 358.455461559956 371.838690168871 384.678634486001 408.937476181242 422.220220173224 431.94455746844 441.774664849316 449.116505388318
439.359536520329 440.322907294235 440.830096487874 449.833307170616 458.071987061015 464.118568004953 469.559071102823 471.174162634856 468.851568207186 471.182660140766 470.829587348419 472.299384160066 473.085044660539 472.297789808712 471.487427676837 469.977447977547 466.882479337549 461.562643167516 459.214497746212 456.524754695475 455.359528429326 452.670080638579 450.952747181944 444.180579650829 438.844232306195 437.242472094018 435.707833432872 433.786734974653 430.698196749776 427.620884107249 425.67429131029 422.512154111662 416.48688476517 411.393390939649 403.290384733375 388.31201935665 373.016815511481 354.846970875535 358.893446879408 372.482351483532 382.877206413695 407.791081806926 420.311483880711 431.029357658174 440.332089251539 447.618632512394
429.000815033651 442.30545356917 451.062687855542 454.571440757108 458.390003572496 463.085175138307 468.060733853215 469.573458249137 468.780670937527 471.173881777319 471.18263024022 471.175437195202 470.38525927167 471.145479880651 468.77418279009 467.261543769696 463.788102931383 461.073373760384 457.680900683114 455.386471283885 453.372083384008 451.066907111707 447.985967656747 440.485782056279 437.319512834388 434.980799554487 433.017575878156 432.279544492158 429.602161159216 427.292211121076 425.242847358824 421.401466158319 413.820575006277 406.984854408849 401.416471554418 389.471717963566 373.330434865154 353.956810187692 352.153509750779 372.771498327039 383.271287378851 406.683518184109 419.486684184749 429.169231990754 437.963585367537 445.352125088512
435.64797356216 445.358193963764 452.626223196458 456.442846732389 458.099425611397 461.487473369218 464.585070140749 466.022254125699 467.22284419516 468.757527891333 468.760516012283 468.064499965831 466.489827355901 465.396879652377 464.588950508397 462.6983338647 460.403125830419 457.709734060963 455.396410152066 453.090543362628 450.699741314761 448.360304689211 443.039733316102 438.453930139904 435.307791795473 432.321196741822 430.105268154538 431.036835510583 428.41678665089 426.110610685024 424.541459749978 420.191158327261 411.237669247455 406.142297374324 400.531629399648 388.405357881595 374.522952322664 358.918490873009 350.703090522365 372.847635944026 383.311758335669 402.918034575253 417.520993258851 427.287753307572 436.094643113942 442.958533044134
434.179065063504 443.748138191771 451.424650024129 454.961942710346 456.895161707774 459.584436888851 460.036597110087 460.866288244095 462.312863409786 462.318252980935 462.32818272207 462.721534998298 461.929870891762 460.446316773594 460.39748120749 458.809639257582 457.681633546242 455.383193282932 452.694742573135 450.678096973117 448.364817403402 445.362302658917 441.114251875768 437.3163777085 433.428984296555 430.073260447591 428.871303257207 429.172636548761 427.610019093981 425.682956707994 422.576940132315 418.759657892296 413.339876139387 406.816580007435 399.708192482302 386.790931242396 375.224974560779 360.069438379572 349.863797135947 373.521412082417 385.400479916734 403.292855830825 416.434673222791 426.116234175141 435.225642417653 442.670539101586
429.624595616399 440.344018503127 447.643106860002 452.253672815938 454.973855536259 456.873811875371 459.140375054799 459.168862597503 459.181183839268 458.807931785213 459.201303031303 461.057095594148 461.049470348369 458.391725939963 457.291075462754 455.796251436729 454.186298682407 451.895458119638 449.970755455354 447.272405330295 444.588378510487 442.294871071126 438.880791167055 437.962450450528 432.996128402092 428.897337596484 428.784043252542 428.329857543747 426.888582922036 424.588508307586 421.476611778211 417.269199475429 412.567533683487 407.085671645004 397.773220721822 384.493910556942 371.049855747262 359.245712809027 348.425320877761 372.354587932233 386.565159984463 403.643978410792 416.410251912453 426.020211769854 434.971966938195 442.618911434071
426.527332635728 434.988593931813 442.94452882074 448.05306904144 450.394343521415 453.386342393592 455.371993409918 455.404742160007 455.788287661754 455.793637116013 456.09479200916 456.492520134585 456.099706594298 455.782796385429 454.582204476518 452.686640891638 450.386881965275 448.368588793839 445.680270597504 442.718822772738 440.077209536696 438.88647212201 441.066122940849 439.578387553262 433.777028104269 429.234844486116 427.353748540317 427.267576277167 425.657227640286 423.368946978165 419.875823490967 415.668773330447 411.032280587948 404.441936913093 395.562534017698 381.056825063125 369.056382517154 356.161958305316 346.846381443112 373.388559252144 387.221729203226 401.087351602348 415.554989525464 425.307583338785 433.796207231397 441.812624597413
424.609461321307 430.698219641004 436.885602296153 441.122429132266 446.092454118792 449.96753303113 451.097573831456 452.265430009592 451.88030859623 452.253715510585 452.646590489656 452.656147088954 452.274754428208 452.263997832776 451.457899919166 449.545486959858 445.699961547084 443.013131455105 440.434407380685 439.208643707078 439.168944111112 438.789385136737 441.077178796534 441.061718066765 436.852011520324 429.603112655424 427.240871886041 425.917178110134 423.755375720096 421.053434372073 417.292739390992 413.350459134851 407.571412057262 402.452257183572 392.038174412415 378.328760698053 364.121581657549 352.406818648279 344.76829374445 374.935805324949 386.538440406686 397.30509312581 416.673123167023 425.655458743216 433.384558064743 440.386272854156
424.153656146414 426.543697667521 430.075303577991 437.637206208763 442.251096301139 446.0304497941 447.253761015411 448.325535724605 446.49569114387 446.079139358284 445.691407315498 446.087992781563 446.871680063048 446.872678766403 446.458003716347 443.796098743331 440.733789266296 439.197165109043 436.919740304321 435.722350516603 435.693040847243 437.622720486753 439.553028279323 439.544164273393 436.833795732276 429.589348984742 424.235053537264 420.510340932801 421.008952971713 418.309902184573 414.134776776824 409.184070185124 403.753617322487 397.065393561238 385.290057822779 373.022029984776 361.048588427922 340.900989919519 342.499337422046 375.35842674859 386.471089237883 394.773114275975 414.693490555042 425.600256745689 433.355988827717 441.020316048531
421.850882870441 425.299042268453 427.351637484451 431.143941786516 436.103449932989 439.204813480073 440.434216980929 441.877764274816 440.41497394769 439.196790043649 437.733994513926 439.177271179541 440.371678616656 440.015383470361 440.001187066872 438.803842471877 437.295669005352 435.69312087312 433.817646498642 432.995516859591 431.947233827516 432.321113030766 432.998479484966 432.694624764275 430.69073298809 427.283138627691 424.938178795755 420.17690387737 416.734501781462 411.995411210449 409.470752374695 405.230804137115 397.986324052609 390.237133279605 379.488862450779 368.742792441877 359.874360468142 338.352104553438 352.53978760514 377.172765280041 387.857147642702 395.495569131129 412.499833589411 424.159759717821 432.308767161219 438.409248886796
419.819010432769 425.6303644793 426.122452014485 427.363511478884 431.501614616289 434.58063190948 436.455892578008 436.081440811671 435.651214517341 432.349641453695 430.406166948776 430.789913994585 433.412175411399 434.610295574255 435.290169884903 434.600959315664 433.415078379933 432.307085472155 431.105166280807 430.29455336201 428.861417684529 429.577152978627 428.805397251868 428.00107108099 426.104491658245 423.396649565914 418.83564158342 416.855128050115 410.810446946397 407.975029258952 403.488242226239 401.030944940712 392.292060498561 383.501834283474 373.156941768529 364.994523886715 359.752338494761 335.680314978918 353.989579677059 377.249823253257 386.487982610898 395.453181449628 413.579711184748 424.89687850573 432.603146118576 438.748367062786
417.887703060359 424.064763433295 426.445708932336 425.726815286919 428.008768545536 430.001581229379 430.709111136889 430.038890354096 429.239469243737 428.047863159762 427.335505944529 426.963653551683 428.438474907227 430.690347326323 431.096240507497 430.709088616472 431.064435629649 429.590089703727 428.034096670366 427.990138087885 427.296789061084 426.504793652238 425.709622243115 424.99148077475 423.39034132066 420.680822832774 416.502135650325 413.379897213758 408.803236175699 403.529787963249 399.086672755111 397.964431619891 391.142330391046 384.694749162183 372.589708878687 363.445661441626 355.292609904071 333.428451209622 352.938778927242 375.022236729485 387.463897633675 395.059806471509 410.663180853264 422.239006567074 430.268738309695 437.257143256926
410.214831262478 419.744827576816 422.864588763767 424.144768095687 425.682241498336 426.131063105488 427.304061359613 426.544065586998 426.149077644785 426.125061667182 425.351235305483 425.350973940925 426.139680996839 427.316167497807 427.615876045091 427.333150865895 427.318315972146 426.526879198173 426.110098915097 425.703065672586 425.286977746173 424.574677886007 423.014747985648 422.286059659533 420.677267086655 417.964910623876 413.405712781974 411.065247198312 407.573897268619 404.174067924399 400.975265044549 397.416382891276 391.046215924646 378.959145773135 368.922257233679 364.439775969596 354.771804672579 331.019726124244 355.004722637653 372.900576978353 386.043298295892 396.854236905813 409.466654361059 420.640652736765 427.996371579456 434.581347717425
398.552669788234 406.142097598386 413.731979929899 419.112992164471 422.902002135368 424.545116269726 425.660721549975 425.679546467252 425.683790327403 426.08493086342 425.28854400881 425.678593680536 426.088249791164 426.090918587187 425.325540699683 426.084520345358 425.692737686056 424.986188857045 424.183722968245 424.14756943862 422.607197889028 421.88069011384 421.052845885918 419.554060382148 416.888191709347 413.409275541948 409.921977342752 407.237195800546 405.705311230047 403.762550383241 400.99209037706 395.803351812559 387.592744324983 381.046906750058 371.740626379209 363.333029109447 354.011473084375 328.382731897511 358.535259624791 372.148564256158 386.44226143303 398.342902390568 409.481976193322 419.851842410986 426.117711411 431.911204671329
