D4elev.dat73584003.txt
ncols         813
nrows         326
xllcorner     380045.00000346
yllcorner     493695.00002474
cellsize      50
NODATA_value  -9999
[rows 160 to 179 of 326, columns 276 to 321 of 813]
494.125635953962 509.051745176527 517.263577805615 525.75816214484 538.661060303597 548.454536725101 555.191560841642 560.164243048675 568.994899057434 576.130194900849 581.058945659521 581.087414704316 581.089879555994 581.084685659751 581.086475324438 581.075920682755 579.276306578163 577.458044916084 574.789902501463 572.630076604209 572.193262732894 570.404762489174 568.587991259727 566.466512013949 563.681576299451 561.543890638636 557.538439199123 551.954811875229 549.507056379101 546.217139237666 544.571840634987 541.807514475936 540.167915250518 537.655357792113 533.691247500672 529.996511459187 526.767477481583 522.662506869881 517.473244514914 512.557437769292 506.893643324127 502.110084073637 499.051799515463 489.778933993726 496.765858361532 502.149787658772
496.857691987314 511.717465025033 517.745654105719 525.783245279497 537.726117344501 548.414413770091 555.171569971894 561.010916840249 568.070401161865 573.491615167991 579.248219129218 581.074945366634 581.083151682989 579.311176366652 579.289228962484 579.264444013265 577.073974178646 574.78557064959 572.607156610443 570.839759588192 570.783667874576 569.476193231548 566.772069628155 562.83531789297 560.430717890031 558.713835605125 552.779635581123 548.397066247641 545.831647960805 543.02693512704 540.608199241633 537.743515854218 535.720585501406 533.679023188723 529.978270269883 526.352591559807 521.887314386078 517.894941308849 514.165675544742 509.734853184807 503.706001575501 499.17327616187 493.213162959801 487.870835283395 491.62696998569 498.822372481739
500.024129110887 510.974224503244 521.563514000716 526.626472464166 535.121791694948 545.760765672441 553.773770539193 561.348366957153 567.154093612574 572.159555396086 574.79235145353 577.976138852956 579.280571864252 579.274705611278 576.588756120133 574.413770947984 572.617704060567 571.701369717705 570.423132094598 570.771973124931 568.971612406527 567.664568063301 564.57999478253 560.819079882935 558.754249640022 555.474115456204 550.742324883463 547.811281963818 545.390924311262 542.260759254186 540.077112573543 534.219357186547 532.778892616962 529.507657685102 525.148087079833 521.041418007769 516.666660424753 512.59654874138 509.3802677307 506.019456786909 499.281924289559 497.084453753892 487.746472651917 487.495827730748 491.104163540079 495.627699715172
502.195284930332 512.240093315146 519.464117326626 526.205638900141 533.817543809769 542.30145076145 552.442097420813 559.167915321341 564.09745748869 568.098465811572 570.808167950472 573.896308054527 576.576953293244 576.582335672557 574.781413870872 571.33300901792 569.930304123486 569.039934637696 569.027154159461 569.467679689626 566.781047441775 563.712748586338 562.286305724495 559.190052779369 556.290224755489 551.954208802251 549.137196377582 546.627988681617 545.767503413929 548.176715532473 538.355331909416 533.182748974808 526.290168478815 521.07741187551 517.843033151935 513.422594958267 509.461781038175 507.299422559242 503.721101832145 499.654739930209 496.788527177884 493.151415112321 489.07550628083 485.627867308012 490.539840527417 492.72877202018
501.003584272186 510.073505762097 518.082390756053 525.305915993274 532.019274858723 539.62775935605 549.739584209594 556.467888823666 562.755600377796 565.497959536253 568.108349039768 570.8054705587 573.482290584638 573.491993019035 572.591308482221 570.41457804374 569.02644452781 569.003290023974 568.99069160243 568.529841703014 563.270444901826 560.656364234703 559.264743278343 559.116783684373 553.563189924625 549.985096340341 549.068648094936 546.5902252634 542.681305992179 539.268492691789 531.086998725391 527.218067375701 519.014022671963 512.271238273378 509.555649674467 506.187595454774 504.808784783656 502.138832554105 500.003034529587 495.88744648503 493.189998242003 489.927012271127 486.272286826077 481.419095048925 481.234367104436 487.449022942619
499.388226536448 508.251399027107 517.280377507327 524.784920082271 531.108796593443 537.833411278047 545.411981347653 553.388669376598 559.675718327016 563.684265889852 566.784064382051 568.994993403219 570.793868817072 570.816736518299 570.424369746187 570.787186503172 569.013511495885 569.000108876367 568.992196664292 568.027588562021 562.423122255468 560.178491390594 559.230857045309 558.665577154341 552.801126792803 549.229125405754 549.096973580973 548.268511307517 545.347507610587 540.591416628881 536.844737718192 530.711945588834 521.20806162775 518.169907161008 510.651904503789 505.373061266899 499.701203393981 499.001932501244 496.023571351313 491.210671391589 489.993909289301 488.661940874075 483.415993889255 480.597413805647 479.007175307004 480.859848923363
489.257705843002 506.782620020088 516.692165034797 524.715061686426 530.582662914429 537.777975589573 543.13894831655 550.706075243918 557.852461290394 561.380814402614 564.97185844747 567.194334011323 568.994970179784 570.797658207556 572.187418516959 569.926939955434 569.030636601328 569.015104433474 569.010021859819 568.961631691747 566.764827895532 564.609917270342 561.912466861644 560.007344145198 558.779004055226 555.499362181719 553.496573211466 551.092696983266 547.717664633635 543.324079417045 538.062170271924 532.077369843563 526.773531384661 521.550133741567 516.45445913609 509.613477482763 501.379675703875 499.103065018409 494.912127632143 490.972308410703 489.819150102431 488.197892551571 481.854185248967 479.330557890777 476.208379562213 473.638689769878
473.535646749854 499.448930992094 513.489805939253 519.864180826077 529.703814730146 536.316154518029 543.035799034784 550.62059888099 554.659971476146 558.290085430594 561.414164212168 565.465758761592 568.573638771888 569.899125003052 574.351498139019 574.755227274694 572.971538904417 570.794308064379 570.787185369944 570.7868802747 570.770895309202 568.974270965671 566.283944366642 563.686394261718 560.804073634052 560.767246341609 558.372037574267 553.090835714791 548.303059002087 543.776761919268 539.659848825247 535.207826556777 529.954400193414 523.369283992166 513.833086257963 508.778696750681 502.357116867646 501.365560442047 503.662619032385 500.870379526041 497.174567522088 492.786817836871 486.945158922395 481.299098848442 475.676668246403 471.941160844124
464.345920694814 481.141418281598 502.222951013466 515.324463439026 522.168504364586 531.024018306189 539.038499377508 544.874115065943 549.794578692991 555.158573573153 559.163859462762 562.789195135934 566.288885837855 568.598613187922 570.409414100096 573.863196172776 571.313981777662 570.809341023399 570.803724242111 570.801166189529 570.791253352584 569.482921680226 567.186724144805 564.492868482064 561.613106146131 560.801011425326 560.740923687565 554.303503246528 549.098545809888 545.375915623916 541.276605494182 535.601381936473 529.443985166147 521.039758808171 510.575829779981 509.453777410186 509.384670681792 514.113039728691 510.969490654913 508.552744269837 501.307731406085 498.738991327881 490.687800376775 482.23112053904 477.396535696411 473.108907589409
444.123073976227 468.884586636142 483.284692460192 503.110047751933 513.940356980051 522.180922005168 531.450577755346 539.007837883673 545.68296082547 549.762039779824 554.31604320322 560.574149555952 564.972690575065 567.193675024193 569.003605867998 570.788528883609 571.296093677148 571.685823559056 571.682517315286 570.794301396855 570.778762475489 568.979538944241 566.290422175538 564.872183568874 562.003417931829 560.798256108868 560.718403588744 555.055693881215 549.456511116619 544.054766012132 540.5012969519 532.805620387043 524.443758172052 519.356895707823 521.867412852868 519.890094245352 520.267753165882 520.641935785389 515.017131927928 510.993494737972 503.344543727878 499.219306531586 493.631631926752 490.648484937287 485.4940688252 478.218411121216
428.80517043978 450.682721497309 464.263036602064 478.65916846011 498.93556120317 514.47836902512 522.184717545304 529.291965898718 533.05530057214 541.826718756262 552.417205819773 557.877557508283 562.775231274392 566.280977312853 567.700115307254 569.483869209634 570.774777967694 569.89487192766 569.890132854636 569.882945198052 569.467775509083 567.175143695941 564.096843539643 562.015234970917 561.974382943671 560.719650296891 556.253319307457 551.479271655708 544.180648747667 539.262862256799 529.551293571889 529.130409763268 523.960500034996 531.909513579245 531.145366459966 529.165662230176 527.957624745328 525.179367934221 520.680804086953 514.197502447499 509.777362753992 506.452287719917 499.547737020479 493.565870303598 489.405443866424 482.179161183255
410.734509567078 431.647356796325 454.140558867351 471.202713611033 483.862726264735 504.949934871192 513.113826933096 518.999256976792 530.916594735829 536.014973711138 547.122254709885 555.132325331509 560.075966265189 565.442044091904 566.781735241816 567.200213413745 567.691024202206 567.683730730767 567.672899959942 567.174789011523 566.271178394977 563.210510811421 561.400666525104 559.986889159071 559.927281815393 554.700949938165 549.203817089072 548.958278287752 541.096515317752 536.143760767302 531.030326674537 537.628018233304 539.204073096673 538.833604713907 536.890867930655 536.075401971952 530.033337701004 529.168522106968 522.308551173835 519.051914934503 511.018677795843 506.107288043553 500.883012331321 491.551920971556 487.47573897119 481.011260642483
401.45391899753 415.024772456844 441.622981416073 460.8154502902 471.811439400377 485.352550434183 500.796944888198 509.386830314234 518.694022328681 529.759245511775 539.959668549885 548.877582039944 556.961964407226 562.256829809908 564.575518368158 565.873129503849 564.993606277195 563.711490953637 563.207116404438 562.321190595167 561.906118499646 560.604833713136 559.174871971768 555.989811440979 553.503175367538 549.957484201836 549.08155402784 547.26942103401 540.77296137669 536.006257958013 543.345221127601 545.340117638372 543.418202031879 543.004407099608 542.579812774481 540.964362409311 535.279214192276 530.407173269997 525.197486244155 520.654149247507 511.478511293321 509.332990999484 500.417672795676 492.334085076822 485.126284442172 480.986774792637
399.648201021473 398.297705390236 426.139880693778 447.571516962404 460.345152811499 485.320732045778 500.38336322367 510.784324670507 513.729340760238 518.807471313587 532.018564530643 544.442926873178 552.957521319321 558.273303388985 560.99577905557 563.180773256781 562.794199810017 560.640192750497 560.128562187233 560.109548669145 559.230185456053 559.188022079126 556.084849928186 551.180891989543 549.206900027742 549.179119726151 549.948084794014 549.543573859837 549.873955426885 550.630859026142 551.435577935262 550.666933469992 549.475046303085 549.058719386359 547.378612483155 542.602997166203 537.305683695803 532.492731950711 527.203746138215 521.498278514781 516.181853796071 510.190252883913 503.270616815262 493.258223917848 484.707274196638 479.465525946943
412.348638533566 396.87372972542 415.140308960776 440.247840604938 455.725092479292 477.278541199759 490.509641954695 498.673227878618 510.945321219209 518.146313077403 527.115980795688 539.03473179674 548.854772700864 554.692465245247 557.915901505309 560.991984660456 561.013815725248 560.995045737771 559.230311409342 559.211589832151 559.202471562493 559.147143529945 554.342495059324 550.082369479603 550.792859732283 553.90649628835 556.264313235413 557.156727568899 557.548223045282 555.986969695675 555.970861715675 554.28286731782 553.078347184458 551.106904092129 550.665682178373 545.388676231729 540.598666772385 535.671817119247 528.027636870848 523.510042403498 519.079180742245 512.211262635942 505.320974762946 499.138482843651 489.164650325755 484.21406930745
420.491270076095 395.312692094864 400.134463980988 430.88228994795 447.30785156448 461.379762651937 487.903538433732 497.173706516904 509.551805161607 518.871202771843 522.629766641291 528.596410318001 547.056578501396 553.340348794006 556.975305388444 560.950412074522 561.387732411545 560.985855024192 560.967034288544 559.207307044133 559.19989614321 559.170097271691 556.994245458363 556.303683668529 559.126093041402 559.955292792789 560.7751400375 561.572054783292 560.789732788016 560.775451392948 558.386489708129 556.295512965286 555.092791759015 553.49251183908 551.086859002915 547.399903313186 543.781324493935 538.859166811694 529.660613005267 525.616115776254 522.271357811421 516.172968309158 509.753112126704 502.091554894888 494.814785767254 490.697227819803
419.989541545268 393.95257791436 392.542480441928 422.084883566377 444.612471562675 461.808933722313 482.930291771515 492.576526544493 505.502168359987 509.237973285694 518.931833903894 528.078998958307 542.629349287958 549.778022790274 554.68130482037 558.772430337974 560.971836893186 559.217065301722 559.211055904293 559.205533317305 559.2075098079 559.215350145425 560.09358440786 560.79280366682 561.991509094247 562.415371854811 564.082464539807 564.47997490342 563.689981380236 561.602286430745 559.60099436924 557.608094937209 556.302667174586 555.080490032927 551.511793356859 549.101443416359 547.340945824601 540.192838751834 534.095285565401 528.80964765953 524.771955751662 518.306870365938 511.400579567514 504.89533782193 499.188903266567 492.831838213883
427.917562591339 400.580102577323 390.995128618738 409.974877452572 430.858140034589 450.574289536608 471.712733269875 480.873040119019 490.684082703628 501.386990312024 512.098980793559 528.887929790864 541.216767443999 547.177623937022 552.084103701483 556.088145056771 558.280579522316 559.190597857033 559.199989665025 559.21322646612 560.106093219337 561.010821483303 562.798456445425 563.708889036 565.291461668726 566.480994520687 566.494714045122 566.489752003733 565.688453853819 563.203485716167 560.814581281964 559.199631633743 557.597788236668 555.507126933452 553.09340472789 550.690133382929 549.015579285422 541.029224345868 536.499547453332 532.000056450512 528.315380850831 520.654224786582 512.997695350788 506.895061111606 502.459953396965 497.165399594304
417.462202139977 387.283970958075 388.938914977335 427.732429328967 451.176691575617 461.823666942796 469.884945966851 478.49880782517 487.083896856409 506.318064848114 518.951161256242 530.578547509685 539.0914272012 544.912910238754 549.417224152314 553.408329078605 556.511599453257 558.756020649535 559.210003172789 560.60447381125 561.905192948521 564.09969487713 566.783872526644 568.078861674427 568.487787744901 569.280079796692 569.281714960855 568.100196473664 567.291280220804 565.296818868108 563.190640130716 560.414311178419 558.796692174166 557.172538855489 553.893813802785 550.313965862459 548.265790374581 542.631937145775 538.897336616128 534.863200658556 528.755934360494 519.913604276424 512.636212026041 507.331174414054 503.699480976298 500.825016884766
406.549208883051 385.462879940273 407.871675479881 437.829061176765 458.006349587518 470.788859082376 476.501980337592 479.390193037867 487.131924981366 508.674979362936 523.410620588149 532.854461279484 540.838860147465 545.390790676393 548.527654405018 552.513057030919 555.582315997569 558.285619569323 560.100336695922 562.296120859298 564.598929840061 567.194314459935 568.995399694565 570.878766527958 570.498017260605 570.894058340239 570.502321710171 570.880439193367 568.887333458283 567.296505690873 565.273244248293 562.001428340808 560.788157534138 557.965061405554 553.509813754667 549.942279044824 549.071161405011 544.999385729701 541.390852211317 537.238986213754 528.020316935143 519.543575534575 513.399282769152 507.749794943113 504.91473263326 502.451270903976
