D4elev.dat110376000.txt
ncols         813
nrows         326
xllcorner     380045.00000346
yllcorner     493695.00002474
cellsize      50
NODATA_value  -9999
[rows 180 to 199 of 326, columns 552 to 597 of 813]
346.388734069155 344.885909871976 343.096694724695 341.329700359048 341.873248000879 341.285871812002 340.964740543513 338.567355881936 336.183380781499 333.805148090344 331.096308718464 328.09337288684 324.494916706407 320.481941156518 315.398075754941 310.015297551577 306.102244903163 302.802861314325 299.773891210559 294.687685615319 289.245152520468 287.689530429641 285.27933671114 281.997918739719 278.995966442168 276.000807896276 272.979444916765 268.817715489655 265.491528002944 261.480568316392 256.069930847404 250.045956204291 241.391996031719 231.99570143945 222.667745241105 210.69793863548 199.514731627268 192.330981619358 189.301266634482 186.62087525988 183.023659016585 180.73743047427 163.635985353043 162.705124006953 181.822177043333 193.010879836032
347.294750790017 346.391112130301 344.901023186151 343.720787538502 344.282017805676 343.976812565216 341.908718367038 340.404418371232 339.487066282793 337.386336445747 333.791069458421 330.490438681177 326.592998525208 321.810794997864 317.494555044937 311.251560311995 307.582879176878 301.027662023198 298.269252116765 292.331250933549 288.918307940912 286.50637685554 284.986437442324 282.585004479249 280.738348985733 276.577946307678 272.976311472795 269.076628201199 265.767576071592 261.456144458621 255.478507774583 249.454366620751 241.644857568704 231.673528305192 220.895959422913 210.414569873409 200.44525308064 194.428623717214 191.396848953355 188.960029479371 185.09549111998 182.29702346716 179.036415439247 162.106912723156 171.314729337033 179.742387046977
348.490953833878 347.604990546719 346.998537121074 346.396879137931 346.091810338197 345.48793224874 344.001948329794 343.086767792456 341.008431661835 339.182668890837 335.890471032197 331.987228998407 328.083173504037 323.891844064145 320.859028974389 316.539802109436 310.246677477443 299.327989055462 296.228630752322 291.087860275971 288.623694753419 285.914755820539 283.795809936419 281.688917209939 279.270125372011 275.974934470513 272.607138171416 266.011982382226 264.40211663562 259.625522938044 252.495360286265 246.730610801393 238.303667786144 227.781353231109 220.272305393344 210.699463986878 202.501254663068 197.068822194053 192.572183978821 188.985911268742 185.630243570879 182.421674403048 180.659617670701 161.469656552548 160.900274213843 172.295495031788
349.495375693182 349.491505639775 349.190244082204 348.495394552624 347.606566454798 347.001442614026 346.102759531219 345.490362137174 343.396544043286 340.397125278534 337.379071991681 332.6046749579 328.106801195511 324.200794889664 320.883233682796 317.737253434403 311.158965600129 303.992055101706 298.276963523632 293.50296373695 289.520151205243 285.927171239624 283.190478120039 279.051394081577 277.198264762249 273.88302724257 269.052075879439 261.217018473573 256.921339139836 253.595446326969 250.802528563373 240.633354786151 226.703133663111 220.940177803483 218.106733975608 211.460411279124 201.788316894261 194.961960579871 190.228377405728 188.87658841134 184.231551156358 180.6082451721 177.833672234654 170.587513242141 160.337913219041 159.592966607381
350.417977105257 351.005423916559 351.001131154603 350.40335340091 349.800437641349 349.197404793072 348.495692334291 347.594861061616 345.189548935514 342.192181091432 338.578466667401 333.498219294703 328.999407058546 324.210499270513 319.055769898649 316.00479816266 310.318072474876 305.757980352691 300.074317855129 295.26007877268 290.969825424366 286.794918933447 283.17874063808 278.989660356681 275.664445704502 272.069623350716 265.793088159914 256.780136518209 245.013429555824 238.660449974075 236.19158592367 228.137971301823 218.828499306351 214.857393368295 212.64038764081 197.737731179715 189.333189243511 189.043572687577 188.897466742784 187.427551890289 182.093362135694 177.933966987742 171.929842028602 170.94219566864 170.345964042807 158.713175648785
353.104389709747 353.698806692805 353.695627380252 352.807236539232 352.204494647518 351.600166720504 350.699504484317 349.789076797199 346.988086581244 343.391662833587 339.199488974724 334.406398647258 329.901593243076 325.406472484771 321.193981828183 316.857545772669 310.866257719311 303.125861496542 299.763038160039 294.964673660955 290.658519084084 286.463947026099 281.983936966574 277.783401964952 273.009410890355 269.390760018064 264.896560261749 259.331818207619 250.893432827265 237.14337164523 227.823807492306 219.307510478946 209.514735479624 204.262310473281 200.551707765511 195.480431588678 189.419273062766 188.987722755341 184.553699921637 180.188562024497 178.167534360403 172.446188905236 170.462864772219 168.691144041537 158.239303814647 157.783985052308
356.685355939877 357.278552061672 356.981768235484 356.090308915741 355.486360871318 354.589366079177 353.395609598225 351.300262173455 348.885467631282 344.887372650354 340.392528043532 336.186924682062 331.395360769538 326.897882769158 323.239855401085 317.131121048485 309.063697301193 300.207227992452 295.955116585 292.527069904577 288.611222289702 284.123020614002 279.92273454606 275.428919542966 270.940380209544 267.043113474286 264.298982975338 260.837267604188 253.105621469658 248.433407117526 241.483727977843 236.269883719221 229.188048304326 212.590307693554 208.676929620773 206.945923897591 200.687846651344 192.113146178904 185.282592377864 181.012796352582 178.045389432462 173.113570040343 174.705885384491 172.096073602163 169.389741355214 156.887037995555
359.385572256404 359.396061240738 359.094984566499 358.782937225041 357.59930752876 357.286588622659 355.495115318827 353.091574822179 350.970335731627 346.091718304838 341.299042269567 337.08800872047 332.591995941479 328.366235841768 322.941257894684 313.630398182321 306.420546039294 300.991651027563 295.90463831864 292.005512003557 288.01276815163 283.513080090743 279.298804464866 274.813270132455 270.613277611614 266.724925540222 263.989125655185 260.023134913959 256.116961865033 252.448831492347 247.928282093286 242.974501235348 237.50096266806 230.149519907897 225.581986503859 220.701321494922 212.364792522186 199.081652633411 186.975183033944 183.155343672133 181.759185000306 179.954729755474 178.951152708495 176.575794170222 170.916003902115 164.698290103795
360.026628799179 363.85704710167 360.321451883529 360.0074223419 359.993986183654 359.092233474331 357.584009648837 354.291832617567 351.279882887384 347.277921720677 342.189308942759 337.684665568099 333.17927881737 327.797287982732 322.635551011635 312.7140214955 303.227823290205 299.250891560448 295.623721036414 292.479372140543 288.572145850983 283.805624316372 279.297621858627 274.803004960351 270.328594161207 266.736078630471 264.281089894131 261.176533532839 257.891361119462 254.888661541101 251.828879508299 247.326281700354 242.914422596481 237.799849937478 232.228896482331 226.101954688737 219.372399940257 203.538197483121 190.827055276116 188.691053894204 186.327477214716 184.538090806304 183.595307369873 181.085994797226 175.107401178601 169.405381509076
363.305074980065 365.677367099699 363.901628147419 362.988957906323 361.202667107238 360.878639486755 357.888716612065 354.885792700631 351.282156193054 346.983973332007 341.90730822263 337.397883682689 333.168227361895 327.751395624549 321.709141960757 312.416254039092 305.185878405317 299.774368286641 295.604748654381 292.478688240353 288.569465676199 283.804451828159 279.610212768731 275.399471075015 270.922276047201 267.328629027265 264.327111726841 261.499552656094 258.494764775195 255.793787038337 253.362734467223 248.880905280744 244.363183645162 239.609994660672 233.114494163715 226.603189121322 219.514860472623 204.379117604117 201.230237417554 200.870654073288 193.273344658993 189.995775354497 189.621649934072 187.468411778753 179.044100140657 173.633039307229
367.47343431626 367.776382396862 366.876486745772 364.488198849693 361.801177853048 360.875574860113 357.886488426525 353.991260440052 350.391652153947 346.679601880034 342.173692701136 337.07812503297 332.233449550357 324.777242470954 317.803374966087 312.351472191173 304.288587911544 298.329302520685 294.713630785802 291.599053351371 287.715713257668 283.824898609398 280.499187815794 276.622277633651 272.149341367419 268.819885235592 265.516403837653 262.111374706003 258.515221549778 256.072651721065 253.099077720174 250.916122020654 244.382388898435 240.522892834897 229.472703807646 222.394195812162 209.746262853521 209.339288249809 208.69115788155 208.043024944808 204.377789687289 200.488410963434 199.756339198661 194.63960786233 184.553235756314 178.168613433189
367.481320622938 367.777687807915 366.573967564107 364.186033275934 361.500768501803 359.685150482742 356.98449082575 353.092460863802 348.901681731083 345.192456523981 341.261624715769 335.26212292107 328.961866268248 320.083752010534 314.829114755981 309.10666850516 301.118180030538 297.730138893578 294.01395758827 290.996855582254 287.995808467173 284.695636063848 281.984366262799 279.537565100342 275.670367292193 271.199121295641 268.115874678579 262.710889362659 258.523929631467 255.20710797728 252.793368163898 250.014811013649 243.456423296388 233.833545801077 220.998940127815 219.076608261679 220.587936712896 221.428946361573 220.85944106206 222.897737703656 223.158979356551 218.082266720224 208.057552578674 201.574362296748 191.132234071236 184.209137288689
365.080983323503 365.084896274267 364.482509542967 362.401902405889 360.893049558502 358.482505898011 355.474286620779 351.592360686838 348.466898228218 343.376432080704 338.850181201208 331.396410019034 324.527538833781 320.840832680137 313.295973304544 308.482664529661 302.519475635721 298.572666386622 294.011221473979 290.121707250791 287.700352806995 284.998207884451 282.304890295568 280.757926817532 277.736834991569 272.999363413123 268.761720177579 263.029764845782 258.532657941937 254.64399439683 251.594981091221 249.347382753133 241.048282401456 231.724507584224 229.100532874938 229.595280579844 231.6309968435 230.771915252048 228.499570854739 234.581254814168 232.524304100532 229.161343577384 222.472839943447 209.406244865302 197.183761585082 188.83340871719
361.487553678612 361.785744312721 361.482999813213 360.880035570409 360.839216706876 356.6560317415 352.203618553996 349.473934866492 346.048974740954 340.952965563033 334.375384769584 327.526483549539 321.534678042792 316.896010530422 311.806501852074 307.845213061988 302.515279705427 298.865468767797 293.814026100339 290.117946287023 287.375415352005 284.412757733347 282.015828309138 281.047179025025 278.608854920008 273.859199934689 269.365078023881 263.996711131594 259.392733666962 255.473055899614 251.502512094111 242.526515064797 238.897983888389 236.494582200862 238.983218874064 238.99999318376 240.147729062337 239.268898764375 240.418040042698 240.728694112338 236.869439599324 232.537981696867 225.332403441418 216.043003755416 204.39139934547 197.725383179133
357.880782810483 357.882370805802 357.578094605218 357.265695065661 355.76312215091 351.897239948478 349.744340332139 345.177507739687 341.274951037927 335.600226611743 329.90816219358 325.085693065379 320.259749013187 313.898984300969 309.406879256064 305.210021086208 301.594017263931 298.544823291357 293.779950907471 290.078590707841 286.780491545982 283.779349040106 281.114268739301 279.568373880166 276.29903288873 272.987814674351 269.067988448035 264.479996969611 259.967129207027 254.894751077865 250.281013273031 243.223796242133 247.640567873734 248.249007201381 249.421881107347 248.259107906783 247.070116277549 245.58973437812 245.268062735247 244.055003275676 239.590271872937 234.404803196787 228.69284402816 221.762520427987 214.263820435107 206.698225242932
353.659730045956 353.077009170627 352.184814755848 350.997490844733 349.97831648257 346.987833264694 343.389937192059 340.068561661986 336.161809967928 331.091073233926 326.004264084921 321.774987444674 316.859793377896 310.342569279561 306.722548097562 303.98456809492 299.244130499918 295.914987909877 291.368911134742 289.190123243159 285.314441504141 282.037190737503 279.914391354694 277.506684402451 274.800765245235 271.506839791227 268.470641271143 263.047483678002 260.274192208473 254.355845206552 249.46130302936 252.175263632312 253.971268616882 254.877741049586 255.459743354493 254.561967168138 253.062626934525 250.687778108216 248.318796059313 246.49757629551 242.612618192872 238.386476956676 232.909817563613 228.069502590173 222.100393488099 215.519369083353
347.539356166087 346.968956898878 346.085915307794 345.481947857209 344.270576829864 341.854949131843 337.65647779235 332.318193925313 329.590731671523 326.28415101261 322.368697487175 317.758761470232 311.539093487119 307.912608347004 304.901345716882 302.473849422933 299.465186144821 295.247589935382 291.304057372472 288.558080127971 284.708823150805 281.150215152428 279.598665189956 276.336436094677 273.331041752612 270.332894227822 268.151582036628 262.490020349273 260.852663617262 257.588903178995 255.841486343232 258.171079467371 259.970582042207 260.27851499366 259.391315787168 257.907225489068 256.990133005552 255.186870922483 252.799406607718 250.970085575045 247.390369372717 243.227160814605 238.471833748589 233.317473091089 231.993882313509 227.754270014832
338.295864423915 339.188209646281 339.204294069707 339.76647582928 337.673800202556 334.362136908841 329.580914691674 325.398310730774 322.980067154861 320.854117418091 317.163231388906 312.11313569906 308.211034656953 304.919705464364 303.082553433516 300.373580019398 297.071164481466 292.902473712418 289.515228970188 287.100558759218 284.399102312855 281.154214879593 280.706946425845 277.173646763671 273.020103390986 270.034975516935 267.309353337639 263.662727894677 262.11443490055 261.496660385375 261.487480323741 262.396461570743 264.868489945438 264.877203658578 263.59409879683 262.395574703354 261.183937874933 259.377231232811 257.285656397133 255.18914444471 251.409801789058 252.740564385471 248.903657935753 244.767277522548 244.106325063602 242.501684013364
330.774710656499 331.109120636421 333.149001584655 333.716681283501 330.744864692628 325.405766954884 320.35010678883 317.534584714751 315.703014895712 313.005344685889 310.012671962636 307.87642168697 304.594415642756 302.194744176283 300.946842087354 297.672179796021 293.515623995476 290.138489916352 288.01460803808 285.904413089876 284.089371540419 282.276073715554 280.727102891633 277.127697759123 272.721507437832 270.837859638979 267.90338163765 265.79697441684 264.887215664893 264.503247038945 265.48506102692 266.988789506441 268.184862256067 268.190553841808 268.180930826746 267.864342759451 264.506400991398 262.13125048863 261.208905898077 260.006250356094 260.263260805926 261.698356766958 260.517160360475 259.338895313135 260.777423886644 256.311827857851
322.937421194943 324.163425254968 324.186855751256 323.581831848768 321.195736628264 318.658261713108 313.618459926217 311.481383633585 309.651969675439 306.108332296122 303.718914198359 302.206832423805 300.416800322041 298.624153891836 296.816465058443 294.406987147525 290.741679048122 288.34174929297 287.665678933294 284.7083150165 283.182894219749 281.093923905466 278.975849286793 275.67213518989 271.258965690245 269.421332864204 268.201936973169 267.279912245676 266.708631647306 267.275996083407 269.07935210721 269.399636413575 270.892783385715 271.206656971425 271.208943928389 270.893504877215 269.673004443859 267.855868247552 265.793463626811 265.773233984492 265.200992149769 265.988719738728 266.979438735084 268.17564706971 270.523515099579 268.702259844417
