D4elev.dat110376000.txt
ncols         813
nrows         326
xllcorner     380045.00000346
yllcorner     493695.00002474
cellsize      50
NODATA_value  -9999
[rows 40 to 59 of 326, columns 322 to 367 of 813]
369.935097580289 371.588659282331 376.794739315182 379.259285991632 381.664659515622 382.476243764975 383.327156528024 385.339701531123 389.030942515504 394.322584807452 400.829503132741 408.503674428738 417.042686026566 425.158094357124 435.351242389797 449.049603399476 455.23805290402 456.533171866234 459.835593387345 465.877854490971 471.580548664513 478.870552015634 486.167158123388 491.481779812623 492.315372496979 493.902964940862 500.716276648078 500.738634316547 501.166235884486 500.805329172943 500.77503090124 497.177121904234 496.396364232204 498.391784657697 500.396358023726 500.807852474456 500.014432718015 499.59487686708 498.791905735629 497.990782163235 496.791617873633 495.591881657131 494.294347962614 493.09260953385 491.890449200407 490.289642981939
369.943346713575 371.16792934981 376.308144893967 380.808555765962 380.541593533142 381.733058579236 382.936262003008 385.325152543242 389.021699438691 394.308320643068 401.189239453961 410.120234958165 416.306295336084 423.621051182863 434.598271137753 448.311987024877 454.815888083463 456.139000694961 459.845979004288 465.132481123984 471.640706355072 480.110478438393 488.968600018424 493.496670944903 496.388262808455 498.387795403337 500.799819090013 503.294561371134 504.091053286031 504.086888456386 502.100825288212 499.230639094821 499.225387833954 501.210389636684 505.675324151252 506.868858855983 505.678509608827 501.237762131338 500.800442430984 499.589944938978 497.593000633022 495.989800558167 494.290411166273 492.692256124885 491.09180536602 488.98532175937
369.885809400596 370.025960032756 374.05027522551 379.058955711027 380.049795495713 382.114881596525 383.367578486094 385.347649528298 389.024093728618 392.761186829376 400.027987895018 409.24791581464 415.411677398638 421.964654940625 431.417010187985 445.438931825488 453.972048957967 456.529004662846 461.398114399202 467.884909583795 474.420003373577 484.173763089761 492.262668975867 495.983579227033 497.995236305717 500.007575974551 502.502965114129 505.292408959065 507.27950000339 507.77051363286 505.301039584722 503.320096203399 503.707074622324 505.29746488465 508.980248565313 510.968064771123 510.95572177602 507.288592930264 503.306360617474 499.226310531395 498.00332077227 495.117834623959 492.718860396692 491.495330790008 490.659503895916 487.364458177373
369.839211621206 369.992454409252 370.641465488905 378.614340752088 381.642274214701 383.288789653205 384.915194872578 387.34674615818 388.985618979355 391.474693934631 398.827664421345 408.428903311856 415.397388113435 422.456455304165 430.653668882125 443.457330639513 453.215810922173 456.524820941318 462.584804717343 469.486325742203 477.314076941933 488.532403773143 493.875219568483 497.570482559985 500.783877732668 502.896283463855 505.687931780133 507.29780417653 508.992342720355 509.787641215376 509.781849633943 509.768736767607 508.980155108927 509.385847440019 510.979337725866 510.99813100909 511.385447600244 510.936767634002 506.07110401486 500.816753243633 499.195570463366 498.36290795744 492.683328588329 489.487991708711 487.380671744775 484.191286770004
369.923449049371 369.958574405537 371.652811874965 380.250834232149 383.68726366347 385.797013010823 387.401894439157 388.578509035204 389.018272497536 389.202743942413 397.138211518061 407.627305757905 415.804988897953 423.257265601104 432.903787097317 445.79107362834 453.241704523645 456.158258569454 461.840846248764 469.545926781096 480.102677553121 489.851251829724 495.060354215826 498.386133744041 500.804430179278 504.09426949654 507.281048899366 509.38656559188 510.191800167893 510.985234869181 510.987969061805 510.980644802465 509.405967437364 509.413098388892 510.991312860187 511.00272435063 510.993786079994 509.384438788399 505.685206283337 500.830679157718 500.738486519388 498.268099310821 489.913400317266 486.581568265756 483.399037418366 480.900950189641
369.916666927141 369.993508078813 373.136733257474 380.877291802135 384.104210478205 387.792329902474 389.778090966905 390.580550916305 389.826670503023 390.301688924267 395.581290633574 405.296590121971 416.211659241602 424.323288506729 433.714857414955 447.445177918855 454.78269807779 456.943690518193 463.7975527558 471.637421465908 482.862466575793 491.428241236879 495.593653347563 497.624529014146 501.202475449223 504.500937860343 507.796663753783 510.180475678007 510.199789661177 510.202633210442 510.199238811709 509.79839019443 509.39614340755 510.181432998041 510.986212002101 511.781069420376 510.97504764851 509.334226214269 504.069373276217 500.766462808838 498.288364748008 489.563750244522 485.450820321782 482.908950838167 479.346083353027 477.71688212566
369.930856262732 374.022215569393 378.77228012795 382.086803520437 385.787489619624 388.978428888019 390.594670944793 391.391266216319 393.069976633048 392.345531002746 394.841464849935 402.130491937111 412.595867634171 421.52844601826 432.911800126241 445.812539984337 453.235919082106 457.734245840948 464.646122311467 473.25089034029 484.913843830311 493.041949888561 496.767934280065 498.808356151116 501.704667774013 505.302868663012 509.364868819141 510.192401813968 510.199992944636 510.195904657418 509.788604028446 508.986882086242 508.189752452958 508.573833478318 508.972621372227 510.937028633057 509.319240525653 504.04501854837 499.942809603475 495.556172711207 489.554475689083 486.612844420325 483.787834116288 480.50268559415 477.722363663843 476.017839771329
371.06310340996 379.660501009897 380.888169858085 382.903955497785 386.184504220742 389.377841404654 390.21055031666 391.911298735846 393.473658370968 395.121938818738 397.516197150217 402.094379730809 410.978707870648 419.920296456596 430.527570467821 444.15625608569 451.91776494552 457.71737125692 468.187651035087 475.915432408371 485.330410374605 492.625620464066 496.387350978504 500.742068420604 501.738043867579 506.482738385321 510.163026224972 510.198682771639 510.198792192648 510.184915048486 508.593528189948 507.284496824027 505.311432144565 505.272295242914 504.083274673273 502.480232040342 499.58666258178 495.107489339906 490.350783210077 488.216439346483 486.190731736976 483.787910256987 481.28941234176 478.506138693689 476.425511324448 475.991874150185
377.162960012562 380.854057691381 382.097938022924 383.31559088191 385.319501284368 388.200964396837 390.985432514848 392.696716469248 393.544228460987 395.173222972397 398.424578591326 402.825097073492 409.318144669203 418.288021436642 427.249499678564 440.129008972819 448.38564593616 454.948805340815 465.41300607637 472.764801495342 480.09364416221 490.187768661445 495.552202190208 499.564368394054 502.889504106512 507.744594813503 510.172308572581 510.194986135904 510.188400253646 509.376822475619 507.285769678777 504.886556154262 502.493470267195 500.771296631378 498.759209912926 495.091240515061 491.124143391802 488.593482173433 484.624270954327 482.904743400946 481.311001651576 480.4785404111 478.483916826552 476.403149846563 475.598251441799 475.969695234141
379.107935894224 381.68123437175 382.90546712552 384.494203206298 385.806409662302 388.199589582225 390.598150949657 393.485703181142 395.914677940115 398.315507149568 399.210893834722 401.6436646776 408.102918331736 414.653638553831 423.67221875067 437.689436047844 445.873764893029 452.436383478419 460.203858744363 466.358592903955 473.312804416593 484.201261253614 491.876715160101 497.556255323242 502.066153876827 506.065185789699 508.964283778934 509.770559309511 508.97452116588 507.28178404993 505.276531387901 502.087416549699 499.166772658339 495.57566861416 490.761349612765 488.230962115366 485.807066388996 482.903075875656 479.720863129504 478.112892899874 477.682415815 476.002346955139 474.406788725498 473.60416325114 474.366786492709 473.978589308749
379.899926920508 382.476201749506 384.071845855542 384.88715398717 386.194833309868 388.1947561692 390.210591698477 392.736633186394 395.889939025388 398.757549348616 399.210708577055 399.353435000584 405.722809849154 412.619197726137 421.541358208065 432.095993770524 444.966616060373 451.17511697191 456.520695264374 463.394819522427 471.974465733637 482.397568408584 488.553118205754 493.872075510454 498.776589904308 502.88053191373 505.289555155005 506.094726941435 505.695326356326 504.104313241268 502.096746240139 499.55383371386 493.907520985001 489.92121147164 486.99387130079 484.187032776825 481.299604689412 478.500154416476 475.611399764794 473.627761253794 473.584233154337 472.399642193722 470.725337671343 469.951566557665 471.960495777035 470.722412057567
380.79550688574 382.088108523589 383.281232589795 384.093923133443 385.308258323485 387.799083112056 389.830400063705 392.699445603281 396.267373121359 399.139324334806 399.209173423029 400.069778230521 403.669720152058 410.60779291404 419.067213731438 427.631152631703 440.970511621133 448.337393021833 453.702319104138 459.828254205693 466.764479727994 477.217562351186 483.3385142024 489.426685994566 494.648024464161 499.544260388749 502.45611287481 503.6702187694 503.287828749858 502.09457438343 500.738072369758 493.908170332561 490.260768559924 485.013923359619 482.495551236619 479.331674776656 477.295145828572 474.405318813605 472.000211919025 469.921712670161 469.131648670505 469.490476575517 468.315098142857 467.917244532452 468.307003444852 469.078602841619
380.820607126843 380.910765940854 381.324093733561 382.506655161393 384.128841708416 387.410757116693 389.800807778996 392.676722065297 395.469709731417 397.900665524483 399.548145729847 400.788954379112 403.9896652196 406.956467844185 413.805202716101 423.563531824394 432.507831446795 443.800561988549 450.398440812431 457.670575594281 464.570709892556 469.909207714172 475.202335342514 479.344383734358 488.513032619536 491.87040920391 496.729416872044 499.519204537945 500.721328266366 500.709247382785 497.091882951784 488.622605729113 484.978240955315 479.38874621898 478.493822978649 476.38919155907 473.213500996688 470.711334338364 468.32451935022 466.368454365184 466.724476452507 467.101849849938 466.323424197792 466.290575870974 465.52275464131 467.047025399482
378.715985567417 380.872236379573 380.89833860676 380.9206571877 382.552911410212 388.032331846606 390.549293844428 390.648369881244 392.713966478231 394.333179584236 396.318885816171 400.752737341698 401.991028015365 403.651745587251 407.416640245684 416.307754272989 424.476878526564 436.517213564714 448.625368043657 454.452431953304 460.180265153805 464.606595038403 467.936754329244 472.037823768683 477.706626916236 482.504093991786 486.60006846053 489.019892001365 491.492685287239 491.489495889981 488.213664633189 483.427625681229 479.338326724889 476.806794659682 474.800424266829 473.187467656878 470.300053111528 467.142954380731 466.309640164366 465.138907055865 465.500342281841 466.266544226037 465.071628121294 464.546467361578 463.348259318638 462.516351341326
375.977115843667 379.652875788088 380.873986935194 379.225952168312 380.524065989461 383.333802554698 389.246235305583 390.551834376804 390.618117963821 391.470327086018 395.091148887791 397.502347142923 399.58410420857 400.472479253891 404.551944385465 409.404866767661 417.18524367433 428.850550772725 438.567120355031 449.871182000829 456.041867893755 460.190867755059 463.803759258019 466.347397114431 469.941486169264 474.03470819965 479.279411385371 481.709615718776 484.198332248616 484.989281621288 483.380408582853 479.686428662998 476.387793016036 473.601715449337 471.597467868685 469.882316466622 467.863336392611 464.236715384097 465.047683440021 465.050329156431 464.130902909962 464.119100488779 461.757379245205 460.896074249649 458.87941062659 453.715506144106
373.980482133199 377.183233661925 378.374012542179 377.994085421889 377.646423103979 379.252942806407 383.308477797951 387.67685446767 388.46668079147 390.941231964095 393.874577766644 395.504501182847 396.360918703518 399.226066842211 402.81695399098 406.178272853979 412.249750808071 418.79830861592 428.546919933377 439.777391500984 450.685459142951 456.061658896191 460.563711727366 464.160739874219 465.531733335817 468.725870168199 472.410542767446 475.988715180593 478.870291480818 480.833439430591 478.078268742455 474.801418240969 472.403866087442 470.68851719561 468.287662950293 465.895239606591 464.171624506374 460.661082492394 460.973636850436 461.320640639714 460.48459118998 459.217911310326 455.256411489365 452.860059592697 449.592675559437 445.539726210367
371.517052983194 374.78366095448 376.371521995288 376.374977331842 375.612652906931 376.02244642822 378.414556645628 381.240606629283 380.266827601987 387.771415202716 392.638827104642 393.883975403152 395.50518126697 398.02043592502 401.981822089751 404.919881217259 408.530224918164 413.451813970553 419.614333415015 430.890171950385 441.413309757352 451.830892881928 456.445277377429 459.395746906017 463.35391568815 465.102260193348 467.513461691727 470.303502435903 472.780144370199 472.806149680956 472.775903150058 469.913579760937 468.315200557885 468.241063932229 464.588037855692 461.071552642137 460.18997317235 457.705328621681 456.804985042993 454.060234846489 451.942072101905 447.286275713185 445.18062355484 444.685694277001 440.791546756738 438.659045091171
370.302851717479 372.301246505523 373.977601667613 373.988824515069 373.494332369215 372.731694882899 373.510055793941 374.426791891857 379.128797148535 385.22220289682 389.696730445165 391.837534934595 393.86952542277 396.702467952228 401.548087587665 403.98732606886 404.992038667973 409.714644199067 414.662767629661 421.58423116291 430.155821365714 438.637140254196 451.396767007459 455.618672948914 458.099742752444 461.761926696412 463.779375059225 465.883903338422 466.711938375017 467.115191879202 467.476335801321 465.890407155405 464.604802106059 463.781257348865 460.635875446044 458.528235389645 457.267110793507 454.103631943097 450.023048596962 444.452576754293 441.965999147393 439.088237685705 438.221556200301 437.400302927743 436.576225570973 434.603235198701
368.803282844375 370.282566854721 371.481447093294 371.497515175664 371.464661451189 369.890717267601 368.744788409326 369.234559345729 372.441468512722 379.239350228489 384.491206680203 387.777454460922 389.465207376923 395.051948810584 400.306684512684 403.118672095314 404.009668479627 405.798632292239 411.056107912168 417.098311162048 421.937692952596 428.930074246634 436.647571239036 447.869813302935 454.411648573248 456.503646911529 458.519782224857 460.994099906325 463.354946417561 463.368813861655 462.192869407939 460.639498329555 461.37752552711 460.194892102791 458.505063207919 456.893184134212 454.128039543211 451.209243766982 446.785746007085 439.92366651418 435.907554190656 433.392611286246 432.532913943235 430.244428500407 431.686691063372 430.872177865152
362.103389011168 367.581202044196 368.986775532497 368.987116958167 368.967687985989 366.516832039631 363.940812776132 366.982662042306 370.714952241523 376.731128654409 380.483083317404 383.315743203026 386.61626603897 390.633055054002 396.625320179888 399.171372833474 401.970392489715 405.673043742011 410.941257173294 412.615833248697 414.316524221406 419.955765419423 425.69453555492 434.645336781679 448.190348007714 452.272311722162 455.226635600757 456.492177348231 457.705903481257 458.107043889824 457.328980748113 457.327052863594 457.708791983268 456.929278898425 456.510193592561 455.684665465655 453.670426151079 449.977670496863 444.732065396235 439.057276215612 434.131326627632 429.469097304342 429.673675773592 428.01064620609 427.944045260185 425.622580793339
