D4elev.dat76212001.txt
ncols         813
nrows         326
xllcorner     380045.00000346
yllcorner     493695.00002474
cellsize      50
NODATA_value  -9999
[rows 180 to 199 of 326, columns 506 to 551 of 813]
356.804356602792 353.137498266888 349.803224785758 346.356728921726 342.785675493337 340.324064387868 337.675994226936 333.332184708072 331.409991718057 330.522852048219 329.338658820902 329.050101478344 328.967067312978 327.377134740483 323.771638950498 322.259010036788 319.899448522649 319.00265915784 316.821812585559 314.45272836785 311.508873087213 309.128984619285 308.110212678387 306.411281689797 304.283165388779 302.256538315292 300.849579859265 300.375760697305 300.110879993323 300.754680079952 302.265152956378 305.802657406453 309.717437763488 315.077922623169 319.013229810283 324.501875514078 330.199233992272 336.479061100465 341.880509424151 345.779561081838 347.591079345869 349.18513476777 349.479937196185 347.315361149904 347.293830765597 346.996466388161
359.971628969989 355.81447412947 350.702677995704 345.820255663598 342.178346721051 339.989663089843 336.268729067923 330.735873465509 329.482480795769 329.09960240983 328.577240715011 328.008942617103 327.179815854003 322.215286904412 319.899494219362 319.519010470389 318.801302652499 317.802989787729 315.195961394332 312.063686102405 310.393398686295 308.954321202518 307.729911299792 306.49868095626 304.353537849158 302.189268590148 300.354974069278 299.649859096365 299.222312865755 299.070764716438 299.213506085862 300.779342616983 304.935041635949 310.575138836906 315.097344746157 319.625489925288 325.708779087732 332.003198101869 339.455725551423 342.792485688501 345.790766288335 347.593873119073 348.293381356841 347.608655321222 347.898039394633 347.893796437786
362.912113578416 357.765794475174 351.222301762349 345.603658578534 340.318426442764 339.293258715481 338.492928808758 333.582759655388 330.363861343493 329.940241199885 329.873047363293 328.938515566852 327.265618411182 324.044210486591 321.357620936381 319.892070559732 319.829370503533 318.280167696474 315.094876917011 311.674118836614 309.736906563058 308.993714104073 307.974304474694 306.633504707262 304.448864135208 302.366460314883 299.981490654948 299.443423632899 299.054491449425 298.792887134681 298.630893185043 298.501806366262 301.065279382721 306.112256423888 310.624262434839 316.301955686647 322.395047620744 328.132151517472 335.577239945122 340.97751671336 344.290157985651 346.398730342383 347.892052008235 347.910898464753 348.890201918154 348.503850243362
364.968165592532 358.097046719305 349.100566896779 340.848706458977 341.229877129892 341.995266748756 341.619297252932 339.48588473644 336.796292172603 335.004323264177 333.505357326159 331.432121718798 330.197112318344 328.663079868971 325.989898949451 323.626597106905 322.405847111076 320.511256851598 318.070935973994 315.081471059023 312.106711661373 310.645990284231 310.864734542094 308.494838480759 305.487316356409 302.29780337362 299.739520309087 299.366308970698 299.008096169361 298.741195811955 298.609098620961 298.588098781875 299.404986938696 302.829077066172 307.614438484827 312.731081442239 319.311560104056 326.007601672676 332.893362506545 339.182004903287 343.386962023029 346.099974415791 347.899290939606 348.50937149759 349.491524563325 349.496933850016
361.770066000315 358.04878810671 354.318274217141 353.363156403415 352.115239414033 349.942143185185 347.274846030981 344.586464746578 342.186470229214 340.367601409295 337.699863691746 335.31005134664 333.216900269958 331.701057835714 329.892182043156 327.515470288776 325.713581090901 323.903423710071 321.777296392689 318.6991576075 316.033622916415 314.794258617069 312.437015545583 310.302144032869 307.577171386825 303.990824754311 301.316786772461 300.006600659322 298.98776529304 298.685811479398 298.544346924189 298.439918614733 298.43623851032 300.445222937026 305.209850329754 310.625230114419 317.806657676254 323.942969141975 331.126346386738 338.581064168567 343.096896703956 346.687833390025 348.887893748563 349.796270666014 350.396575425465 350.023684511332
367.578100901052 365.157916944463 364.182320316712 362.366436148703 359.386490440191 355.538974785103 352.526888133802 348.974502342519 346.741731469424 344.339788940905 342.219829136015 339.529374746509 336.852850221144 335.330634691733 333.814296452057 331.727468134524 330.194782713637 327.800407244253 324.825805366331 322.415123331343 320.49809372189 318.96259371663 316.273034137893 312.411850273588 308.528741454948 305.229791424735 302.797883498907 301.013545548025 300.111521840402 299.073083252461 298.513081934831 298.362063680694 298.387802090455 299.195653964956 302.567553852766 309.14868111956 317.496404109842 324.806218706756 332.304390637962 339.770219129287 344.284676641039 347.308576731701 349.799440081372 350.714120944734 351.903979383309 352.216891062891
376.480535633755 374.96639343583 373.440565494985 370.178796804506 366.882470265042 363.003384227922 359.133498597392 356.403424806618 353.136191236218 350.445734521853 348.32295703232 345.528514412477 342.833322674278 340.729997503141 338.923825095847 337.391438108704 334.717262755095 332.300415092498 329.029672820896 326.609286825482 324.490239354631 322.001278592855 319.564314112702 315.103381380809 310.628097038758 307.305689761548 304.595792548543 302.180580883045 300.70697179171 299.803768382375 298.580904845427 298.39595585333 298.348909636594 298.397431715414 301.353118982593 309.982885755557 318.376080130659 326.296363154754 334.965910083895 341.860112458369 346.384214641282 349.787306244759 351.306285218839 353.101459031818 354.597349994759 356.082148741998
384.674750882156 382.873505210664 380.478306867608 377.481327661152 374.365834827028 370.765650560089 367.179319173942 363.904462413355 361.494007371304 359.089975239229 356.677484751773 353.399984092118 350.406494231729 347.900346826862 345.50704267324 343.11117155808 340.414813280425 337.419261016654 334.406737886514 330.838986668244 328.122251740014 325.410038681118 322.026931579345 318.396105477031 313.320499205266 308.538310428881 304.925237557641 302.515798155358 301.572915371041 300.394378277274 299.508565739411 299.132136800963 298.302883576404 298.473257376896 300.470366642401 309.985363135472 318.978306306117 327.491115961244 337.320324633891 344.249058351699 348.869033268293 352.488483646484 354.001406051743 356.088957659556 357.876584076974 358.777563925459
391.585595092754 390.059608102417 387.085228285737 384.377546065315 380.521440400688 377.212824338963 374.106058750142 371.693410618618 369.87020249265 367.466777134936 364.188511291687 362.046443487807 358.194318666998 355.206310962067 352.795932454758 350.007353153153 347.291144502224 343.702379590661 340.37904218985 336.47677072263 332.612197195919 329.60811818234 326.286443644175 322.000665169157 317.198649858495 310.376901977906 306.122418361818 302.822238497637 301.330833254597 300.993963958653 300.093166398084 299.153489911917 298.481917313452 298.456557527069 299.676851910189 309.944889607797 319.522218682519 327.481454850174 337.050676328045 344.85040634712 350.673292392388 354.885149095997 357.287471939343 358.200749654995 359.690002548119 359.708578976294
397.870035125973 395.773866687478 393.087608701393 390.966493752352 388.533292140953 384.100802432427 381.111515401543 378.999567324953 376.894234305949 374.674085677315 370.811388507398 368.100697861104 365.972479624212 362.992516474064 360.298554306258 357.872215802335 354.555267988691 349.993848962329 345.773678939282 340.462304556631 338.273208693247 334.113383072975 330.235255536359 326.913074782028 322.682807468268 317.45047478585 307.345718917345 303.175397479618 303.109684318115 302.199976343395 300.415691601438 300.982005978875 298.814755353973 298.259876614542 298.213740898928 306.701203931577 316.259427469448 325.96083984931 335.542361035546 343.956161182355 351.269770454398 356.371622735302 359.092072012686 360.886225243618 361.202884234159 362.107921461121
402.96224193196 400.585408990829 398.486220067502 396.382599786342 393.966530753556 390.701755448719 388.875971244635 386.207914714773 384.080801569958 381.377285848706 377.98427219807 374.407878943462 372.574737901578 370.469350613965 368.634375645271 365.03122292874 360.547348729414 356.331374379062 349.293669986988 346.695645984632 343.400941093823 338.716580708492 337.677846167618 333.194166209767 327.521470539985 322.949676798463 309.228542555947 308.199680894903 306.382323700071 303.421266198418 301.33343182786 300.997670684581 299.08738200882 298.037043770286 298.032068795674 302.324783667261 311.516983333663 322.349616510527 331.676577808944 340.68977278835 350.637763634542 356.670884416243 360.863419703079 361.507993805716 363.010678404292 365.685782555355
406.39803816923 404.896420877934 403.295388711598 401.483981525327 398.511720814388 396.426884176549 397.494643667224 393.395604753369 390.688185931307 387.112579248964 384.684393124302 380.817290958476 377.824596477525 376.474781623963 374.041959466299 369.554161585173 365.106642028705 360.936711127484 356.422518315234 351.698573089348 350.686676858 348.490531158015 345.756919538734 339.507619707245 333.802872455169 327.498927252821 319.976758242671 310.958875784194 309.388726235172 306.696120441972 304.597362632994 301.025059687114 299.199819368855 298.009275315198 297.625181861969 300.82427923702 307.62671271126 315.431019438437 328.605982922462 336.790300829396 347.54399020296 355.425396807632 360.837507893466 362.678072240966 365.363925530515 367.159116800711
410.304313317045 409.10281931389 408.473592384188 406.665699835325 403.610967787597 402.116316464557 401.780845739742 400.26979590983 397.854429972022 393.123457209584 392.155828769927 388.852141244957 384.391653769259 381.664770046291 377.182757769807 372.663971519977 370.815256642302 370.718651317657 364.721656160776 359.17004055725 360.183733563889 356.970631051198 353.35656817221 346.710705526606 341.295019425717 335.295292268686 325.96209309325 315.464707461547 311.543791941789 309.130319861862 309.367113150917 305.476897178484 300.408220025554 298.585657655124 297.267387530134 299.564879458871 304.330130250576 309.771954269923 319.036116238711 333.117362005414 342.455055410584 349.203121790936 355.776070182251 360.859279935441 363.857537111685 364.187138135151
414.503488434649 413.588666278395 412.960858526764 410.873203117372 408.512456372853 408.162522365237 406.684411725515 405.175307036789 402.968691881478 400.276858501617 397.266767779784 393.368399241096 390.91550583775 385.239106221658 380.225245537435 378.377875418714 377.176188562175 374.684082821287 370.185884548447 366.918789943065 366.26620385755 363.586209035766 359.988916492327 356.073516019862 349.513173186934 344.267310744212 333.176443893956 322.03665127017 318.994812994582 316.256547378011 310.304735028944 306.090645619684 301.026882969247 299.02571938409 296.600563509623 299.056727382359 302.208234632539 306.424384896368 312.456001818503 323.297317319056 337.283885899959 345.734886842586 350.692046666226 356.363023395899 359.075943550605 360.295437528574
418.989087122333 417.484412688799 415.698846635809 414.487344278079 413.006372773115 412.672516954746 410.891374136243 408.792949975836 406.398875501015 403.876154899841 399.684180669277 395.488468803245 391.307190863566 387.379085227578 382.982158798843 382.880521310753 382.272256771467 380.716212103194 375.02090957302 374.347369175957 371.98639978518 370.457307639527 366.884970296965 363.870221411095 359.064156699574 352.161148437454 341.243578370376 327.549488409148 322.714203006979 316.315490882522 311.206500416518 307.279443258687 302.203512983112 299.041369529918 296.014438264849 296.01487958241 300.066298959718 303.399864761565 306.764716325069 313.395164423835 325.705859310813 340.269932496329 346.363580857511 350.011054116982 353.696968349831 356.971215125796
422.887604927454 420.49743624444 418.7022894562 417.794300597906 417.186860175258 416.574460547899 414.782919475841 412.391821862148 409.68550029045 405.783259353441 400.625458003911 397.579576048157 392.824345616107 389.532467257247 387.416555440542 386.487237371316 385.277670826283 381.720485441206 380.759307079933 379.539281112154 376.508091781676 375.276211710861 371.6958123666 367.500033910013 362.968044291727 355.477004583223 346.065009740439 332.646837387929 325.116206137277 319.011622072231 311.826815004182 306.140678822736 302.22547137102 299.031181664592 294.640858354593 294.383287551338 294.946099412267 301.254240268696 302.86742026277 307.384804023963 316.07845704345 328.717279745048 341.806060249349 346.358839119921 349.179653794935 352.747865461782
426.775844538145 423.789955355506 421.416324212612 421.087145365702 420.48965382511 419.584492555709 417.787802253005 415.682103985631 411.509253644299 407.888066369122 402.732047758589 399.398611668586 395.823620187718 393.708516330042 391.313781508415 389.490838417976 387.094852928064 384.710319208437 383.221429737308 382.59087659008 381.093397133899 379.283852868256 375.295651271259 371.370418077559 365.965702519235 358.160488313539 348.490572461072 339.186552865994 329.596747402197 320.532923481886 313.938115893751 309.661624974235 303.113025338007 297.974622755687 293.615877581861 292.116876319625 291.959461567709 298.770526303784 302.160307864286 304.054080275505 309.187635176865 322.927868377381 335.478767588042 340.652635799219 343.371743054337 345.179425678463
429.176132263609 426.780861430429 424.389846254612 424.077111878406 423.48406603386 421.99200897517 420.199930576434 418.666261891325 413.91004847224 410.887400064501 406.002513858536 402.41417300815 399.718853343579 399.340540302285 396.056718578246 391.321550986913 389.780933243683 387.680202264444 387.074006099546 386.483808087347 384.69205361756 382.283871752978 377.790607855744 373.187704055326 366.881548518542 358.807643243262 350.985572258638 342.497113898641 334.379377681794 324.224567234158 316.321747019436 310.31427115974 304.310871795398 299.210078399852 295.157287443975 291.04044691695 290.614484866486 290.544190220712 299.710443503367 302.484562607647 304.104835316181 310.141330808014 326.750100461431 333.421639670562 336.460014581058 336.525313438619
429.784790702692 427.111254248637 426.205789235551 426.48124501929 425.59142540675 424.387101439045 422.587456649992 419.899808683856 417.774523658771 413.019773106252 410.291696920804 408.168742130121 403.301808820341 400.889956644311 397.884030971723 393.4345073781 390.430713696525 389.233915212448 390.960701771422 389.492891844526 387.096642224659 383.795463134106 380.186969952394 374.977847916703 368.100441024071 360.898784303326 353.115187534095 345.215141855635 338.266056141186 329.260424765922 318.713061991605 311.492294384532 305.230292169984 300.986264145396 295.893062530514 290.653526637599 288.790187253175 288.363205131196 294.04683940184 300.319784995749 303.077132570914 304.980701577115 309.288427719844 324.387127981229 328.918161101149 329.573870057289
430.09134346091 427.725662935073 427.9936284551 428.283138946044 427.389877829612 426.18939833552 424.395696945988 422.598977062111 420.484317975609 418.956252697605 415.360514645451 410.572444065296 406.376125294982 401.553559849789 399.412831745429 397.562585694698 392.821975863811 391.626145623724 392.196634751088 391.884701984445 389.183043215461 386.178815037314 381.971039284325 376.479656259072 369.892345693995 363.885928253593 357.266541216158 348.906879396477 341.549739406707 331.088409318078 320.040788275996 310.980840513182 306.699130877248 301.899325711101 297.36819791514 291.291644766904 288.306008511767 286.470457136147 289.331194073947 295.53412773675 299.731256563009 303.0371293646 304.93680690288 311.218417775044 318.889881233703 319.96964009466
