D4elev.dat73584003.txt
ncols         813
nrows         326
xllcorner     380045.00000346
yllcorner     493695.00002474
cellsize      50
NODATA_value  -9999
[rows 200 to 219 of 326, columns 506 to 551 of 813]
431.983825631104 428.922474570378 429.491582299105 429.19806560341 428.595574949714 427.691177042569 426.398461751587 425.185944050735 422.003237497329 420.768747432983 416.377642177472 411.138270677693 408.596793094166 405.198436107881 401.41712309264 399.185969764991 395.508116742175 394.895608689837 394.886356843146 393.289702581525 390.192960262287 386.687434238412 382.38675319607 376.989009290761 371.108499222048 366.085279922742 360.748479984369 352.089254166825 344.512277574482 332.395257306492 321.82663364509 314.286455523907 307.11738875894 302.399461002191 297.687273947066 291.560485141616 288.615050380403 284.679923887831 284.35906223379 288.025106870785 292.99578982632 296.78315834078 299.556886952227 301.495595180632 304.338366682751 307.481988563005
431.707612878797 430.798242010271 430.788059500129 430.784104759625 429.498616944449 428.895043204867 428.287375279845 426.385066223243 423.296189096743 420.505940589335 417.688091178086 413.618042502411 410.519555046697 408.575866499989 403.903460035142 399.929517583426 398.012974981002 397.69181716028 396.391931930466 394.186188531962 391.379303844728 387.37553017006 382.387275191408 377.395505950989 372.681284244862 367.68476609477 362.642853618837 354.849667220492 343.893236764886 332.733863969311 323.594970254934 314.922368336203 307.451489690843 302.70708915431 298.004456446279 292.740567759899 289.366631497139 284.288933203627 282.255327527219 281.985688844971 287.377167969541 292.025708764006 289.994413107405 290.333126863024 294.332442966583 300.709649916068
432.693080932343 431.698645109642 430.81096665671 430.801616819155 430.791368780206 429.503894447549 429.188368761963 426.996318924604 424.208589562596 421.422995641988 419.898051956233 419.178233498184 415.787522978564 411.997984608775 408.884971903161 403.886350817081 400.823413101537 399.198007817271 397.383230717287 394.487579716494 390.788291483634 386.691136286519 381.991544967481 377.393474144074 373.27400423502 367.998988211735 363.27535653915 355.784010835918 345.508008822786 332.814294311782 324.353956971591 316.782440908486 308.079363916817 303.983315367993 299.250725234914 293.988186800617 289.878367706992 284.965202656568 281.903705427247 280.482671042615 280.208392462251 282.675053399163 288.488427511633 286.762071235294 285.861950978481 288.065847372445
433.278997773403 432.983898629192 431.704564116773 431.696264902964 430.805501219989 430.791769552091 429.507094153064 429.488276863194 427.991471849321 426.092107306678 423.894348902321 421.691786458949 419.178941209439 414.875723113958 410.495107217534 408.547399847139 404.188087922254 400.192211713222 397.389774104993 393.893694877219 390.200655851167 386.086026774115 380.808719103147 376.696317937513 372.680729551347 367.998736761748 364.528000480656 359.456436246887 348.831650032495 338.809812888533 327.928892824952 316.849009915841 311.028321398092 304.270675123768 298.276216359286 292.72425675819 289.299242369377 285.506669670679 281.876802835172 280.198948444964 279.199388497654 278.396423670429 278.557934115481 280.778003457413 279.912435370581 279.370429409796
430.786371842441 431.977928096198 432.675854760666 432.677186859182 431.393677084072 430.799681648695 430.794557991273 430.790614474159 430.778459213201 429.476520723125 426.981334397844 423.28699187592 419.496250302145 415.199340163126 410.508624382631 407.003090547052 403.59992217657 399.900949547961 396.978423688464 393.295148176038 390.766873795573 385.504774164946 379.932912004536 375.523104720488 371.402190225906 367.099282912079 362.689128598254 357.062038029334 348.599319601726 338.890490962278 327.472269047677 316.659715256361 309.103595720801 302.459196645305 296.134285421027 290.86238003499 288.979270175403 285.507616062424 283.031656243584 280.341943432515 279.896626803387 276.809553026793 274.997705835352 274.621131782576 274.352042207321 274.148003564795
427.409247621126 428.30987911799 429.499327352638 430.776710545761 430.775407221022 430.776607293088 430.781389219525 430.78428490689 430.777397141586 429.478169112666 427.375009829436 423.886954158109 420.184576509825 416.075271133568 409.931743852925 407.376657544719 402.695922817823 398.60915133997 395.196413512484 391.702214176069 389.474267934896 387.61561114428 381.070689905699 376.920890389424 369.917384109863 365.807028239881 362.073426047129 355.505652655813 348.041278269348 340.540615677988 332.086177363094 323.837484228178 313.634370599561 303.133009634917 295.058096859607 289.213851976445 288.340599730205 287.347301022801 283.630877795117 280.557978404397 278.964118637246 276.696771111482 274.280032050279 272.319261869562 270.880152921325 270.453211230131
426.267322268556 426.332135653333 427.355855969054 427.37700908439 427.002752654009 428.279968280981 428.585020139368 428.296955846447 428.581701106182 427.679270801015 426.066410655279 422.687188906968 420.749102013702 415.750608702954 410.481571230827 406.647122747134 401.684291218627 397.670478870506 393.009361980576 389.897030531566 386.40815756581 383.584912938543 379.481573182223 374.462144530145 368.324439375985 364.882304344582 360.798588975473 357.333685496036 350.163234232802 344.84172808196 340.763994861803 330.653457003331 320.164615445125 310.23279308426 300.59857803333 294.613781056756 289.117100157722 288.993147001793 286.058243102155 282.404552800822 279.913777199906 277.898588256851 274.431271161989 272.146656046622 270.084999368906 268.749639233493
411.042074259327 418.425717899143 421.259382640514 422.901378561008 422.961635505513 424.840000129091 425.161804545021 426.054786522083 425.467927723798 424.176486380676 422.382560055969 420.17325869119 416.96821175534 412.387737606955 407.679074940164 402.687257752452 399.156226992768 394.493722738522 391.109680013101 387.723509797731 384.500166874418 380.204700506412 376.098337442756 371.391989286485 366.680479019233 362.391241206829 360.722563766973 355.722552989728 349.614304844679 345.168335873308 340.453399168232 335.181864947569 326.318593673428 319.471524164719 309.023674025736 300.266765207659 294.696561383942 291.500106659821 287.996944742471 284.288930638525 281.806354666132 280.495705403883 279.24717337677 278.141404393279 276.869951504978 269.092120119954
392.656832814411 395.818789020581 401.710755613099 412.827702554038 415.132022270661 417.349275662751 417.998278068626 420.454251847507 420.168274185118 418.88389606393 418.261443292928 415.769591068818 411.705710806393 409.158348734819 403.580675458419 397.426575045413 393.044559181657 390.819849462524 388.935628048448 389.825594230979 382.976618112394 377.9879886741 372.703347254614 368.860897394995 362.715769700618 358.622293063392 355.513311779676 352.108745274075 348.289850842116 343.601403416539 339.288327684992 335.169172275738 331.062771416959 325.62494417674 317.854147885991 306.882074321431 300.906096743003 293.352018312648 290.770927506437 286.491573105136 284.579411330187 282.676556030699 280.204302599614 279.570305814513 278.836522867107 273.967394059091
371.332709455701 377.628887106419 382.46515328686 393.562478304879 403.146423082231 407.247528129544 411.241118743159 412.60900825539 413.254338988523 412.403296900421 411.982886465979 409.889181127665 407.384950282679 404.176659386878 398.62325106092 394.208967556466 388.984323666052 388.006742550085 387.949405785497 389.41384256324 381.674035613888 375.206156398145 368.973809159369 364.640541393182 358.996552865984 355.550306992559 352.700254485143 348.922938252219 347.038966786063 342.069651581863 337.664320478372 333.277474873816 330.446197567199 326.36414655228 321.649613541486 315.87762039082 304.357813552191 295.417978589772 289.998942765793 287.736491896575 286.488459798164 283.036687670867 280.537978206816 279.009923407448 276.547212805222 274.333726076391
348.863799995513 353.688020670597 366.610720769227 377.585290851123 382.386183461017 386.436725472753 391.715022458634 398.81452811753 404.077978933481 407.868079835198 405.758773283931 403.886193276452 402.37644973272 399.484352857258 395.785346214777 391.693823157546 388.872674816163 385.183911135462 383.296025493683 379.970753570028 380.747176780636 374.869227078062 368.886935730342 363.903623805736 360.7414021545 355.188793793278 350.502736159833 346.134536561451 342.994692563226 339.283830882025 333.925742329856 328.979422289533 326.792993022 323.300433752977 320.740509554095 316.006200856211 310.912179059893 302.629169466489 297.161002134654 291.491045410984 288.547149766196 285.490749653386 281.780231080205 279.606642178069 277.34233612836 275.721948310093
329.324889495848 332.608015812516 346.756759629648 356.378448053545 363.864959898684 369.180196258335 375.468446129755 380.524135939708 386.422250454812 394.774637539553 397.879352276236 396.985868553699 396.984440635591 394.504692905668 391.988786423067 388.884167303987 385.493687620483 382.022569452746 378.96372660399 378.568003865016 376.374244370124 373.278965573648 368.57888812839 363.579417665941 358.323788974056 353.927543071748 349.581052619945 344.290653680091 339.344246072629 335.813896766589 332.353890962465 327.921540828746 323.259493920505 319.59915850881 316.488577524611 312.705697975 310.703416247978 304.800935815544 299.200185588726 292.962078102676 289.913269012386 285.733588372739 282.123370313932 279.572633669479 276.540579232668 273.778160664727
316.073942751557 319.915835909633 324.972289881863 339.091582906822 345.066628955939 351.023811248158 357.361917567295 366.563096985422 371.65757682827 376.124673574547 380.531435578706 390.909900135073 393.170243558732 390.166136103558 387.690761720466 385.183061500685 381.714745962278 380.731820256415 377.340478937312 374.482319080852 372.69514006284 370.19606711162 367.380950470849 362.986474021687 358.560664103593 353.261246984135 348.560514582912 341.83003720859 337.41957805106 333.577181607434 328.570628936029 321.187096947988 318.578424672088 315.191921578578 312.118081390913 309.32684938859 307.068558660926 302.080812581444 297.543350941586 291.843353337035 288.291802437344 284.905079423603 281.834428182575 279.047548551764 277.059599592074 274.864996728029
304.549580235802 307.339282432779 304.844858861306 313.065706293162 315.818563042886 330.706326948366 337.679272655836 344.360421599274 354.540940257293 363.458304390482 366.151376155062 372.431654367137 380.40374296323 384.775141801363 383.538134171317 380.776931272185 377.998040187849 376.357053934306 372.137470408066 370.21423629719 368.895524501566 367.392883995815 365.476877198578 362.370393922985 358.223229335047 351.096117414397 345.805830660221 339.972919482065 336.372151063332 331.059864503162 324.314945352843 317.468149660843 312.206981836354 309.948301957859 308.959165210549 307.616289618248 304.21807567305 298.50949033318 291.692527902273 289.098788843995 287.676148508696 284.949051629649 282.432221486451 280.520531115767 278.669040853597 276.183809400427
290.091810055958 295.439503131811 292.288934035888 296.90217053644 303.086339430949 309.392374196393 313.601591582119 331.651285305072 333.234730582627 343.693511560424 356.006587833833 358.659142933595 363.945333674313 371.647333277755 376.599939716349 375.456319557872 373.570716829877 371.3754771045 368.29022434643 365.81525876322 365.452290589643 363.87391361313 362.663870935048 360.731844602791 354.574886008754 349.276891404248 344.271093844133 340.153559336698 335.12546811453 328.585577051199 320.893416218332 315.270385190684 309.996262200674 306.801983832835 302.744252128793 300.586340140682 299.012049315716 295.526034293613 290.233775581828 289.890096664699 288.299441759432 286.801869911683 286.722197054649 283.975554004982 279.898707663841 277.114097759734
285.779841233204 285.469425007294 283.664346627731 288.599045326223 294.000079505474 295.909619705387 303.62471130283 314.864326135391 325.686285778222 330.897836625527 345.387355687941 348.618350084822 351.160706974625 357.71746773171 366.314215763469 367.960853780729 367.374357369711 366.633928419079 363.274914274606 361.350576818665 360.135799898574 358.567171706259 357.077746609223 356.322755473268 350.193198956264 345.792124270864 342.081911854084 337.383899869842 332.106379925485 326.783849551278 321.093824741031 315.470122820454 310.459862842796 305.563557798423 300.216013599041 299.134535737754 298.952319017556 297.614130702557 295.150063557253 291.809229411988 289.038441352142 288.010024764614 287.987759476747 285.77464511571 280.824296806673 278.691591531925
279.774595055878 280.592702939679 268.214732072995 283.143749101443 287.007349417987 287.975213418353 288.525949217489 301.470465045018 313.846072322796 319.123287385145 335.982340406697 341.697616107536 340.000168642351 344.452652057342 356.047972152409 360.13474624327 359.860439920469 359.22626569446 357.30342662759 353.584797055685 352.369616517045 351.370594154524 350.173685832899 348.280029169923 345.473906531445 340.835904925528 340.687595768491 335.129340348854 329.574363055375 324.589545877539 320.181192308667 314.858607275023 309.17106900222 308.913311835009 305.391000308827 300.604660425284 299.933813673147 300.779496303851 297.074849036517 293.996431308746 291.81603417313 289.910620289938 288.995453426214 286.490158345502 282.989058345066 280.218587801161
266.220234683422 270.363806536872 264.0332044676 273.556171477172 276.987143868068 277.068490405 280.776691119914 286.003655287327 297.232133114391 309.099083809117 330.829977716208 330.447157476783 329.723123487308 341.001507736215 347.905825513331 350.702897281408 350.697061318356 348.261387591393 347.596097738864 343.629742891339 343.816211355777 342.659153789947 342.056034917225 341.047631652531 338.576026412736 337.625379999474 333.874560851163 330.20139816627 326.753277606709 320.640125174557 318.990904045903 315.527730727382 310.59765041676 309.934548785162 310.757182366367 306.785200309432 304.30019367249 302.69913098316 300.195310026431 297.697004798911 295.191659471731 292.998152769577 290.205328798533 287.98791951514 284.589866065082 282.14186373523
255.719438183903 256.617385361419 254.0480028492 258.286126057235 264.47109756734 263.12579374813 266.979570716769 280.654556076609 291.370403171856 303.238618415122 312.954675480239 320.557020275653 319.960200259204 332.277706360069 336.328065570047 336.77269953308 336.382231611834 334.912507988674 334.825853319784 333.50570960969 331.740644885454 331.711041073396 332.279595441252 331.034018548835 330.15873637452 329.848662224499 327.977809244472 324.940630074691 322.758088739276 320.577978799798 322.391373683977 320.785931147789 318.282440674258 316.470907347689 313.006019276373 310.810493760685 309.00318008068 307.095783713133 304.292748744397 300.5102508646 298.299721956034 295.79530576494 291.818165434137 289.300189086704 286.506426696342 285.181036854267
240.791422339684 240.536858521606 241.554859051868 246.17210302174 249.861068856019 250.404178939782 260.723779904115 265.392073088381 280.382018767883 293.419542214421 298.531333649445 300.925156174127 307.502577663419 320.382511999735 322.068849150914 322.387709963495 323.234359216187 322.059393014874 320.202555756942 318.334867916876 317.397919090519 315.864530791302 316.541717492827 317.4395085138 318.641774450586 320.805839263707 320.867895220198 322.393317482019 321.829823828052 327.635516680577 326.772267742721 324.58612636226 321.501849081278 319.59635338666 318.289355143161 317.670248145212 314.877387153621 311.085807451716 307.974981711447 303.286320203194 300.793037510177 298.985409457703 295.765180161189 290.81713557207 288.959122084256 288.278896362795
