D4elev.dat76212001.txt
ncols         813
nrows         326
xllcorner     380045.00000346
yllcorner     493695.00002474
cellsize      50
NODATA_value  -9999
[rows 160 to 179 of 326, columns 138 to 183 of 813]
394.213794984884 397.298343664509 402.680465287749 410.259568733484 415.252537423313 419.817493522509 422.508827404417 424.102409544618 424.141089621404 424.91057137625 424.513806707054 424.525988434236 424.956920381829 424.953931620196 423.77309535512 424.542245699237 424.152453533986 422.958959400128 421.099570615641 420.291932545008 420.998367734583 418.361572509684 416.509045646907 415.669482585445 412.995050330358 409.918365407496 407.615454215762 405.722508226557 404.875363760551 401.88218602672 397.593941802801 392.493988467121 384.071804505014 376.511147871762 371.391477806061 363.839214344341 349.097790258901 325.560564628696 358.896894269576 371.812992931044 384.848450613545 398.725329730906 411.022474974573 418.766501739454 425.25476132011 430.673768009578
389.128072269523 394.159230624867 395.734107497401 400.66339678425 406.036449848535 411.030943084881 415.224800286093 418.306404968944 419.139418255737 419.535450451721 420.943425325547 420.227007762312 421.047849885982 421.068735280517 419.913529825424 420.273225282146 419.873683757051 419.535762789278 417.930530132604 415.698422183179 415.254035944846 413.397221644074 412.19194033142 411.466907664527 408.832679512024 407.22026404031 406.0994638476 405.271702602593 403.739989469859 401.021687596915 395.245932921052 389.771892576121 380.30863051034 374.061469480147 367.935900154094 361.177109326147 319.389258057461 322.505608801301 358.614319363023 370.329693893056 382.258447246504 398.329297625063 410.588009543467 416.87031154069 422.967938309405 427.998191661361
386.677478882893 390.988556467489 388.092985087928 389.213679185172 392.711241553364 399.860707045556 404.851878133728 408.754294698663 411.432704681205 411.861808419179 411.127089558714 411.561074999592 415.994901091384 416.415158733916 416.004932478783 415.607482117896 414.164714828184 413.348785673668 411.842152412465 410.257382766321 409.451897978479 407.62284439151 407.186420350315 406.862212418781 406.062421544284 405.643300699586 404.166899671881 402.955488123156 400.655019987762 397.140359731698 391.745324096641 384.825963772064 376.787577747248 370.882158402646 362.635104666518 354.26628455852 316.113300146583 342.716979584582 358.965228107492 370.662681430771 383.40170791039 396.07329196954 407.478902575499 413.782916159045 419.894201709381 426.078817984783
378.239290367974 384.337355606827 383.741136980792 383.013130004296 384.914865112547 387.293989533401 392.634999324308 398.337296801297 402.072439488826 402.875336721366 402.510505935279 403.716301082678 407.457619141878 408.26858923435 405.305239319531 407.092506970356 406.807984319031 405.253152245217 403.759556917849 401.551642131512 403.274267857205 402.111324924623 401.42169126769 401.054071431958 400.674776328707 400.281016485789 401.013423603377 397.975622512174 396.044980823499 391.754569178153 386.434187204695 379.074305199983 371.817576138837 365.976697555738 361.079606697977 347.679834016923 312.709521108996 341.14970663248 360.094546843474 371.032596115768 383.779929503021 393.434508400149 400.814151236274 410.687213361175 417.988592689277 423.790466891836
359.780959516614 373.315787460286 376.124451572325 376.29609270502 376.819501239312 379.135725409417 383.403733455515 386.144534487632 387.700454907461 389.920664913225 389.572818846023 391.091481669258 393.729260511523 394.80692796336 392.990875419324 394.13590594321 394.843288114598 395.600942310727 394.790741576748 392.959854276264 393.671505362249 392.168163555796 391.800234708984 393.71107238879 394.11439665875 394.116787861321 392.956066004098 392.127401151855 389.419923284875 384.841363530211 378.787049043777 373.006945452923 367.224165128129 361.408137592562 354.666810048811 340.949301167859 309.280289606312 340.742118827642 363.451143977856 371.494291284238 383.399954656556 393.747277568552 399.31474682358 410.606600020524 416.44032820278 421.45121926388
341.947887952716 339.91255860702 351.045272065095 367.823946427031 369.130953155284 371.465734687987 375.327691351364 377.640338263264 378.861562682932 380.279055294703 378.825347821864 376.925958984907 378.445926792131 379.499663642835 377.693481447764 379.104186619669 380.652380557543 382.078256275791 382.411824218346 380.603281091468 380.967727508467 379.875852964017 381.670490304748 383.23398606937 383.28345630262 383.307413359023 383.972431699428 382.118820387421 379.448120939868 375.288647378648 370.730318396035 367.612477355956 364.447862494378 358.979442912834 349.623596001211 330.512691372857 305.989813476557 343.719336217642 365.448304934714 373.436113780184 382.623703088868 394.628116621302 403.651283341053 408.308962785367 411.856222423888 416.476419384084
354.115439734254 337.642926370465 335.240425957566 358.461648351368 361.291173656576 366.996170516078 369.80328586181 372.518429066583 373.321412070034 371.746843190874 369.077690875307 366.441168509813 366.367972048214 367.438259700105 364.847207426473 365.193610538525 364.418082859232 363.964338604018 362.780686629423 362.647436203442 364.386299162801 365.822813458712 365.699194287765 365.707701521568 366.958366737213 367.784973730185 368.482457154457 367.846361883931 367.879549471982 365.963535263726 363.70035170651 363.317713113687 360.611536987042 355.188628223299 345.389616545158 328.606435760163 302.740248601856 341.490942877011 366.031090472281 375.827205036148 379.939062478602 388.75681915758 400.865553530966 401.811586514119 404.46090869382 409.454718739443
362.452047627885 348.300553275577 332.630775329294 330.028304649212 347.056575776929 351.613676753897 361.287875843485 364.382871302536 365.769468486282 362.009983787606 358.547925447025 356.253929764178 353.921239225932 348.681204241102 347.536935787544 348.516494093692 343.764253177956 342.49147418253 334.001094079198 329.333170322668 328.877349826727 328.752676867176 315.699194601851 337.558652718219 339.195736395237 342.146986567795 341.115343480492 344.128818309731 347.40212956887 357.186456620259 355.429702410213 355.113089214435 352.918862946518 350.82362025588 341.617433832089 326.517252853715 299.18818430122 338.713410947498 360.404359020938 370.685139172514 376.609350183006 382.510526270149 386.510738529916 389.203364539258 394.888211224566 400.262913429898
361.716694462529 357.816441818088 348.694034133704 327.449038234144 342.903655874571 345.483883237255 350.340705515659 352.203030412411 348.424311945955 343.61557698212 342.467749113271 340.200352324217 308.13325471662 307.329626432107 306.520698509401 305.745691378452 304.885207804803 303.981222318588 303.072935210933 302.097944788081 301.206893962312 300.707889894647 300.234629545851 299.76811852239 299.306547713604 298.836366504275 298.350380493191 297.884843560424 297.425086278655 319.598746110717 330.209268164407 339.04592753281 341.686382467718 340.453209551203 332.885266053204 330.761538699458 296.424093546805 334.072411475893 346.766080405218 355.948973000435 363.571941696593 370.157999822566 377.379348507872 381.25345542085 385.217648517204 389.089868248954
356.77690932486 353.275528536131 350.899407603387 324.772340777341 321.999901960505 342.405675058664 345.572271780699 343.351912595177 338.911190229664 338.419095891938 337.593547407872 309.588297464507 308.883676766691 338.680260405707 340.543068174476 339.119714695553 342.157589544173 343.647881067548 343.627174213113 340.276069129317 337.905989176359 338.26403648147 339.016546301474 342.997918744351 340.633625939307 301.655160736952 299.096478632701 326.187714142762 296.94987652878 296.484177232277 296.024330230309 295.565160322163 325.726127691574 323.890817554641 323.102579833376 322.215064419893 294.229487395188 328.133183497256 335.532800392249 341.432976901895 344.67580175037 349.329543470861 359.459281898126 365.23642567844 371.671324809908 377.879707057979
349.564709582542 348.307797544426 345.324021248822 343.678404852404 319.137558020505 326.867973843724 342.541270230726 339.005872413131 338.842111401555 338.617179025495 310.600636682375 310.135485165022 337.510102699264 347.591774206975 351.773710051487 354.070455265301 356.358288644403 359.411225459221 359.395423681179 356.323625909568 357.896644251605 356.691993016288 352.9262573267 351.335446972618 348.478813845352 314.805509724309 314.437861730378 331.823042218973 327.643348916066 326.405293907435 325.321869280317 295.104781323486 294.643572907233 294.179187221853 293.710091294634 293.234463724795 292.721086393348 292.298996582119 321.767257245334 331.145751770085 334.667836035101 338.844474795636 343.042739362827 345.238585635953 352.168371165773 360.275122690257
343.811854676534 346.314315432873 341.440618519344 337.229994439958 316.041316532104 324.032054315428 324.937303404061 331.50861313689 331.31106380337 311.637128946621 311.150699171902 339.892242044335 346.020581616069 358.659144766859 364.441814117449 367.148604196863 369.031920883373 367.952329919548 365.67712094538 362.978549545781 359.89804828253 357.188912514675 353.695740050702 349.872969902414 343.25008984893 330.027308948452 343.133523093766 346.260502310151 347.370819150331 346.100121061013 340.777678159139 334.448666981084 329.198769249445 328.351989423526 329.079923093524 326.405316047074 319.799636935003 291.884449118991 291.462701072312 291.038297486097 302.291315848073 301.505623486122 300.651585631833 318.633710902159 333.745045046443 342.065390454423
340.671972950115 318.960423516407 317.358099568022 315.547091822002 314.366016920631 313.916122623095 313.474121758766 313.033966933617 312.580371885342 312.113184567876 340.154512812449 349.902932041917 357.170323688305 364.879846043359 372.960619084728 375.652183250878 374.867820527 372.178182880392 369.064817264104 364.890321895643 360.706706040801 358.267769935185 353.285587841786 349.588150998689 345.35203955546 339.622930899232 350.810491726901 354.811998068495 353.212154466021 350.902758624745 347.995174842742 350.476823433762 347.896175407803 342.835482088417 338.706437400611 339.756911565035 330.955114307779 320.262149234601 314.813905545775 290.604858330429 290.168911289795 289.715795972718 289.242455586636 288.753452499586 288.281858952408 314.607833722197
321.507197759053 320.255471084926 341.823537055197 346.861221059996 349.503984283302 352.134508934148 353.502593252419 345.436575795731 325.310135832434 345.674716782891 353.026128137615 362.889083296978 367.559804977781 372.567066235264 379.444847041195 379.463530220415 376.772527321629 372.215143533834 369.496421159653 365.691908775159 361.381759404001 357.153246294184 350.427650578319 348.905234583567 348.096484260921 350.193017560987 352.281105724176 356.368648838662 354.574926692425 352.743054258516 356.363939603413 359.820442682688 359.035076497432 352.943687976341 347.261984295807 348.226956650694 339.93555160635 334.498789724903 327.547606538833 327.738418914715 320.579145835337 323.187786703641 328.530583883088 324.735603237307 287.85649944675 287.410243652321
350.515981039631 356.638032637289 359.788901924243 363.270730440957 364.411082380991 365.620208436987 368.164493118721 362.504843847276 358.106564259042 361.779869517386 367.922568211069 371.763436432567 374.501406687857 381.028079322119 381.078601595771 378.811974777218 376.802718132866 373.703351735653 370.965699158248 365.308710138671 359.911112780278 355.116982449849 350.583649402229 349.44580818355 352.453185327033 357.502697146421 358.64090923336 360.889844114903 359.103332900582 360.261090478486 361.410962497912 365.641326481804 364.452363190006 358.742033547775 359.443885311 357.154925208368 352.976969194299 350.534840648632 348.614350347229 338.293573764043 334.881010289294 332.501725338281 328.76758986954 330.971237194338 328.548350302062 286.958435842422
365.148255905312 367.168801583924 369.88261378576 373.345045796648 374.843498482478 374.860022028813 374.827101647457 374.361510968744 374.334217886629 376.27618914455 378.721310430439 380.260234284559 382.168829463129 383.383609012334 382.99341028983 380.690527498755 377.995882511867 374.897390970467 370.990384086849 366.367630571753 360.395658081708 355.893356941661 353.359671446719 357.728079757449 361.294283618125 362.142219183399 361.81610909792 362.221634085912 363.013642816689 365.264844904582 367.564141634944 369.074945044055 368.686599538151 367.965482652257 366.37870604916 365.955690456525 364.825895438057 360.671870422923 359.801550080116 348.325368743666 345.577362767502 342.169082512885 340.940947338499 338.245518404519 328.711933663706 323.997879679816
372.519846473761 376.391357276498 379.091890702177 381.38197092416 382.950941017735 382.16403305024 380.299816582042 378.872442487969 380.695799863315 383.356692931083 385.258773198688 386.0814072876 387.173833171603 386.783481292203 385.291965468496 381.815044015278 381.06960285775 376.736979886959 370.972664648938 364.948819999217 359.994083448474 358.412832692132 360.92197666776 363.408791272949 365.667074794885 365.308160011767 364.923298756384 365.687447287873 366.027180389955 369.038466996106 370.678423673423 373.375741405627 373.380164602438 373.371397589342 372.58205125954 370.973412323198 368.689050418419 367.963935552545 364.479179801351 361.326096984185 350.622268434371 344.51690527157 341.022522552223 340.957198999498 337.406403039954 327.88149540791
382.085409266437 385.662818199905 389.023844217387 389.457742360788 389.459364790329 387.977780576857 386.087413061007 384.917782952745 386.76030160544 388.37845650565 389.104305924118 391.066646196997 391.068874687385 389.479162214614 387.595701973763 384.483173291921 380.669036701722 374.895037100875 369.385052451617 360.784448421305 360.651320103803 364.328985944359 368.677168750753 370.264893559034 370.274686057643 369.10658922895 368.420400180527 368.718828851858 369.51400835985 370.33403620282 372.219417802787 375.980799442856 376.391420410936 376.785730102584 376.367226335693 371.019480382765 370.987930430063 370.969450319652 368.372279407806 362.972503658782 355.691168020073 347.241000002765 342.232855276949 338.739581251396 337.467237839514 330.950970824121
390.952373825827 392.597876475538 395.255232836854 394.88745358179 394.866112722719 393.002223596558 391.501008818378 389.95114978976 390.734955327052 392.991153618741 394.469493273416 393.007085731115 391.127675320013 391.09672517786 391.052998782712 385.268662184545 379.72082620004 371.826389060513 369.021782186608 369.180206015198 371.738179472144 375.880937384221 377.10173890126 375.968670880341 374.881296907291 373.026805403464 371.862926639743 373.390968311291 373.698245487539 373.05990456761 375.28696659105 377.969976956277 379.093835789146 379.487183357572 378.763828789576 369.982011789007 370.999937343491 370.979491685565 369.064683471186 364.872508741712 359.836257366216 351.404235168938 345.600960032075 340.971982586767 336.36648696039 330.937459914185
395.941674860193 400.240925683699 400.657175138952 399.203910662456 399.184285713701 398.770567680432 397.559939964784 395.710328190389 396.479968348278 398.354485449367 399.15317987499 397.188001347347 394.478416234302 390.74326674611 391.018846515081 384.34873513932 378.471049138699 371.011592347148 371.329345512115 379.011761595625 381.027274158414 382.900726539807 382.15312817842 380.312011475443 379.483123595891 377.997984993545 377.212095810345 378.373941851491 378.767488414796 377.997094523109 378.398775347788 378.816457325219 381.076649111995 381.384507472896 381.057363563608 375.692223582884 369.949937726854 368.706771058455 368.338141849473 364.04746323982 360.904534079067 352.963753279795 349.360469657507 338.7625379381 334.531149861077 329.926355010989
