D4elev.dat73584003.txt
ncols         813
nrows         326
xllcorner     380045.00000346
yllcorner     493695.00002474
cellsize      50
NODATA_value  -9999
[rows 80 to 99 of 326, columns 322 to 367 of 813]
388.562670922297 384.881121109312 381.334795903521 379.272555827741 379.655611757466 377.596465757455 375.993714121059 374.746687629513 372.325308473869 370.325603841891 372.666317696925 369.12991925251 369.877280228575 367.856571719272 362.225110244964 360.900200701345 359.675475143309 355.755409649086 355.328855423118 355.344247573546 360.828904473677 356.471633289421 351.597911380947 349.221726375246 349.180261014617 349.150255156252 346.214901009265 335.700991589662 326.530687729361 329.438369692204 351.028082483347 360.445292867844 366.561610339919 369.135039299177 373.105934420611 379.600849881368 382.064466243869 384.08544053736 385.294945679684 386.186858415021 386.58981402022 387.381136126096 388.158354142551 386.974109388167 385.285040878939 383.687489659798
390.56399147293 386.916924449653 382.849079860259 380.026416691236 379.680628949343 377.585695711407 375.964236184813 374.792810703952 373.100144030294 372.686841222658 372.279126788897 370.676457428106 367.875120109318 364.991287958677 361.426068562106 360.902876822381 360.873042966085 359.698234448359 359.67905387355 360.059815073336 358.867174624307 356.470589762143 352.782718524127 350.728361393458 347.034115541146 344.342942654278 345.462201275391 343.759090595002 326.029117038408 324.702633333013 344.594617273054 355.273741225316 360.888968102931 363.848103940389 367.929945287201 370.782719065598 376.769175590117 379.672996160503 380.896536230419 381.321163406565 381.7383717878 383.301772550926 384.082401878655 382.524224178564 381.249896189327 380.352832610506
390.451517655154 384.806827119433 380.614379390751 380.506054254384 377.855727055656 375.911503449158 374.39440481564 373.508865396062 372.299972633548 371.488285215629 370.690832318477 369.467181013181 365.385859586408 361.813522634036 360.87473969724 360.843747284714 360.854434553923 360.854295584438 360.837360862993 356.859010905427 354.787854596957 353.583257980988 350.79599124616 348.237431466235 338.017208655865 344.242519481709 344.660504838706 337.793265186436 330.045998957336 323.793761847995 341.73596863463 351.955998772321 356.521751708673 360.902031299411 364.974310983872 367.524386052843 371.120385844523 374.406447610349 377.184245876541 378.398798038939 378.824703881327 379.996825247633 380.465044829588 379.861254544272 378.892036704887 379.384801303993
388.606073893881 381.294804514865 380.806953144608 379.415388925193 377.808202212265 373.461729787142 373.363462808887 371.795852929776 369.873157343184 369.107447513677 369.463610933206 366.179562270382 361.788466713974 359.246138319655 356.745878529353 355.864227396859 355.814011126567 357.335712455215 351.464140191687 349.089360725935 349.751639133384 350.608393728187 348.637638998312 345.053357891333 336.252230322784 339.409538757375 344.22719614828 338.553953360093 329.240078862488 323.119897592926 338.636440019679 350.286341733549 354.791628792992 358.11853883823 361.800342249042 365.008013852887 367.915751644352 370.339328478475 373.510268713139 376.381036336928 377.196462937116 377.157851162696 376.321779187276 376.647997988267 378.272685536981 379.620613070117
395.705168364893 390.500306095831 382.642694763026 379.438069503032 378.398962107188 372.708582585988 369.94781169965 369.226583336282 368.411929638118 367.874911859847 365.476439931555 362.09021616815 359.335028722579 358.03384686606 354.777166625867 351.608659691261 350.521197166574 350.061962202332 349.680771788817 348.974663283935 347.349648226598 343.03294489084 342.57571676849 343.760261643985 338.563717140096 335.675193884126 340.525160294077 336.056557915319 329.205423665555 322.38754638081 335.906202317402 349.100896617487 353.595988020947 356.523381129164 359.344124776043 363.402262961863 365.833587713195 369.10065782326 370.748657073219 375.152498667802 375.964800208919 374.462541567336 371.542144178783 375.367565680811 380.371359949343 382.171424323223
399.985135567505 395.887269157097 392.630984573377 390.513560115528 389.664703977919 383.433063816761 377.012316984448 369.322047092082 367.949406468097 365.12191355122 362.654347395428 360.316559779364 359.410695536103 358.545282595644 357.095291726985 353.1049185322 350.587462653299 350.318768248434 350.306944815049 350.595460909233 350.331597581165 342.446365319739 337.833397930357 334.542629455098 332.858264606507 332.429837826925 333.265530914685 330.058460123381 329.162774573509 321.647940824089 340.204084930777 349.376043155328 353.56628019514 356.114233493519 359.311774592049 362.601211657794 365.801859759402 368.67413942526 370.306569024376 373.056493935169 372.386240125377 370.229121120251 370.513545380885 375.606575362353 381.731354679962 384.102877133368
404.892268282438 401.20861104217 397.156049184816 396.316716232782 396.252496546668 393.046130462118 387.333790235523 378.037473045164 369.968187996902 365.353297776396 363.3558259532 360.979163419255 361.41163463514 361.409545323468 361.371085808637 359.266182469332 356.88289940845 356.869864394198 359.623419262783 357.232876007389 349.997210401014 345.681579883201 340.048060307562 334.207235718129 330.196117922915 329.713343499635 330.225117551228 330.865863014819 328.889828472675 320.814918734131 340.689134574729 347.88227648609 353.170368748724 356.492918577509 359.307427611549 362.598558359346 365.785647067835 368.268709259673 369.469334480741 370.351130435289 365.489122262837 363.79630841385 368.199469161625 380.724886087147 382.474530108027 385.778265680846
410.971707996351 407.302989107249 402.86718156359 402.790871709695 403.146386317995 399.99680213843 395.494973920754 389.347195563863 375.343796898544 371.558112237084 370.655634462966 366.635938695417 366.587486300422 365.399727253877 364.193759996075 362.58825164699 360.897744801577 360.878877322513 357.70981558628 354.019880800226 350.803061027885 346.683924942427 341.788619847228 337.674525035176 329.748235028385 327.898609312122 327.534882746011 330.501914889458 318.804542968568 319.905282831829 340.312373989329 348.180788755183 353.526261121409 356.472680861876 359.292958055196 362.575928403413 365.755898435907 367.81487654902 368.225153111953 367.824724952795 358.924358215646 360.92619797101 372.967356578937 377.954893733204 382.10091869469 386.147558834434
417.087575328099 414.973941064165 410.634288786815 407.783819060196 408.898199443486 409.622079276607 406.025136034346 398.370174989586 388.990124639406 378.900253947372 375.252421187091 373.995336359404 371.509236657623 370.281404428963 367.012307879494 365.011766246552 364.195633328981 362.193087823853 359.283007009668 355.681845075874 351.204493013372 347.871690175025 342.199181479188 336.51199261978 330.911208161618 327.519442107918 323.351275139872 319.456351417978 317.605530658296 325.486270304011 338.060940793806 345.090284054332 351.535684892496 355.276185522219 358.508024622397 361.786081736034 364.167670874735 365.3571473261 366.217355884497 364.466450294777 355.597959546189 360.509117849576 372.12754112095 376.760961140503 381.253586650294 385.301979491534
423.607373664266 422.758421125872 420.245999626487 416.692411580275 415.789024148781 415.757631067737 412.982744267469 410.51487880515 403.122339752264 391.027394754776 384.909071129969 381.290427706136 377.988241461623 374.402885794843 371.111288791977 368.703683304621 366.602739116789 363.398549214774 359.702035650186 355.704644874148 352.012373693348 348.676960011144 341.862930979859 338.213685876828 333.722185119834 329.930860030306 323.091728990443 318.366116286867 316.123975793349 322.188894803057 332.890921843573 344.159765679483 347.912051129909 353.174962839317 358.42984046497 361.733037444283 362.622258116238 363.058257366733 363.40772966277 361.787694364814 352.056657545798 359.168338771195 368.657648159555 374.384380556744 379.69457818232 384.083460456407
431.728256972745 428.576218796372 426.437649488205 423.620140869522 421.897557099617 421.07769969072 419.878537777348 419.41990204236 413.338043339047 403.587407697417 395.505211322204 388.601025055186 383.703434284336 380.49837309303 377.589990292659 373.500318584654 369.904683668061 366.572889541297 360.123462561281 356.518333371598 353.98324775356 350.385109609048 345.112531696513 341.391008805108 337.774070219713 332.489166975883 326.760115207206 318.065706262472 315.210594000925 319.55747364966 330.785434195085 340.033641773394 345.07613027176 349.533690898783 356.795659558645 360.798092353109 362.977257961116 363.768549080733 361.732319014558 357.952793458544 348.740076624699 358.158874517293 366.17765083908 371.937604291118 378.72496077291 382.88867208317
444.643153805931 441.873656910557 437.792461775307 430.982293427885 427.271504445699 425.633334632699 424.801838807951 424.75025946439 421.827050561779 414.184930170892 404.013883028316 396.31954576381 391.005267007008 386.989450425345 382.49537914223 377.611282446364 374.388971210014 370.273412057248 362.609458446385 358.122774512183 355.317129505418 352.779776450918 347.535711875757 344.298740457626 340.577051964601 336.056668627832 329.149808193749 319.233069645791 314.718137613564 318.794905192011 319.077800862163 333.916192581743 342.064787992593 345.164664562206 351.217751995431 358.044841169575 360.857235225537 361.355399935321 357.643593297247 349.647575855778 346.622195654133 356.395776887059 363.869969567614 370.733984365558 376.785840677711 382.081841701795
455.641476377158 455.209860756936 451.134489517885 447.10887942065 437.464258184572 434.609686809112 429.345175647123 426.04844346056 426.773660764286 423.142400582916 411.397078510554 402.42581569824 397.116265953026 391.901947430809 386.189302857482 381.291262317776 376.395542879825 371.098037196093 365.803915907322 361.802421986014 360.880651349064 358.857008036115 352.369622227976 349.212784543686 345.112442679863 341.394744908913 337.741912453253 321.804696504172 314.226194531992 313.674687883429 313.177960853032 321.399317537422 337.599371019261 341.394957767143 347.47149654951 351.976906115651 353.607620455714 358.01528903625 351.77428471805 340.964704758891 344.324443809045 357.378418134676 364.23235417429 370.30598567966 375.995293927455 381.693182273658
463.349203801263 462.158026065721 460.154045523614 457.2380720029 454.010398645487 448.339322785178 439.024310252919 432.930161210846 430.883795470233 426.754486643555 419.056721988224 407.726892444153 401.597542606682 395.506353423475 388.614836019762 383.288366679559 377.99150090364 371.923914941639 367.519332901089 364.603751449652 362.216170784277 360.862993674832 355.315780724441 352.355420789608 348.324341389738 345.509538239134 343.454573762764 338.923873423606 330.227068978437 320.522772216323 312.569592705146 311.860588153204 328.698675922298 337.323572375314 342.582371427258 346.687440899581 348.308468962967 349.464862218752 345.046611386418 338.800653350134 348.756659292125 359.226975168295 365.00923380319 370.700718226192 375.669012371648 381.750875858574
466.684940839066 466.670019299335 465.855878658336 462.196820851087 460.977854711377 459.344339666662 454.411098353585 439.056994435871 433.716191101647 430.45366274714 422.377912397235 413.392734698339 404.899906286145 399.140692677876 390.221951696286 384.494940151315 379.184039695762 373.989193581802 369.879832743959 366.199240618471 363.798123700251 361.404023594574 358.092851565715 354.778683343463 350.763642099565 347.496501753599 344.688122915759 340.966295820179 334.87782870859 330.834362625476 318.900352873939 311.039485921081 310.181252423952 330.772505939901 337.742377169838 343.440566476023 344.676836786368 343.622844264369 334.322416988024 336.952829936698 352.017243615551 360.756550136502 366.540550461494 371.526883732802 377.979273496259 383.294203005586
468.703111843157 468.297456879907 467.105712591518 467.069723700016 464.188583438004 462.972328561018 461.692511407318 447.1698699133 435.064683348285 432.472146305244 427.510956576413 416.287005681954 406.911513226605 399.564434376727 390.241875726872 384.513688194536 379.686831554335 374.01279606228 369.148125685254 366.634019544148 364.994007786876 362.971058053878 359.690263880838 355.687006673282 350.821721577561 347.501440279452 344.69830907742 340.994709016981 335.707379970161 330.012508565516 325.197558189327 318.909691612368 309.269815289182 318.66653133894 330.831440560494 337.356357948688 340.942143404868 337.61858034335 332.46308046675 341.632012530645 353.840405159673 359.729874171408 367.410347417592 373.099944027347 379.155477932406 384.853647968095
470.708818219244 470.686829487543 469.489568074488 467.878574280005 464.189336746915 462.174853385435 460.896544273299 451.887934097194 436.654304062222 433.665106782104 427.955881395078 418.273850532244 408.093231274128 399.192638378132 390.62903943994 384.888588986411 378.820592768424 374.419916143647 371.487369919211 368.689514731781 365.807940169308 363.001952144437 360.088083986526 356.101613100192 351.989431611584 347.898680347086 344.658259033017 340.983940403253 337.348619711507 331.300084632802 328.698157021846 321.436745688104 308.19394202091 306.919536974512 321.368343555502 331.247982298436 334.577490583574 328.612605754731 331.007157737936 344.968926485808 353.523706543083 359.751109933399 367.447114144438 373.446903011014 379.206630746378 385.313011783509
472.3971561803 471.194587152349 470.640641613626 466.264610092334 462.177133324999 458.092990902808 454.837914879031 444.322240413773 435.854396540214 434.042266256089 428.425305365475 418.29283695278 408.856051132668 398.015029826513 390.991092720954 384.482550610157 378.426544344509 374.813071908679 372.298180090344 370.632355618749 366.578953984448 363.38920800125 360.844549721369 356.09527283958 351.991641099469 347.87495589523 342.997197115856 338.998279770076 335.664572370151 330.387568825344 325.954387976554 319.900907851625 315.73864418929 305.347654920812 310.44909089203 327.072304084625 328.935220015455 324.061230171441 332.551326988279 346.043302526312 354.678448283301 361.368229693371 366.258202669355 371.245786190144 379.673863612708 387.604170084278
472.783259931082 470.662081503983 466.675443538145 460.631332847238 457.325852385702 454.876157365229 448.760561763958 439.831530614338 434.993553820606 431.256155171054 425.957066833103 419.011912894648 406.490313698888 397.097141326419 388.238290003251 383.303096927777 378.017309679103 374.802333423202 372.666153618261 369.086916032562 365.405034362171 362.567622401844 358.871737917538 356.041479558063 350.768394710307 346.270938147813 341.355983643165 337.301065341199 331.634272649719 327.521629140351 321.108955564656 318.178988307443 316.105749107238 303.615393676312 303.526716059346 308.229046804556 315.864043502383 318.516076150721 334.411851142957 345.375645317386 355.193133315788 361.337307987469 366.192269141059 372.687944642817 380.813231192458 385.329247089881
471.590921721797 467.498785226353 461.84467561834 457.738287621997 455.68503488698 452.328044178874 443.103955275738 435.442236020189 431.301107145307 426.800883423753 422.733514047593 414.151253300244 403.983150197728 394.281716659017 386.611799425183 382.061128202412 376.825211813972 373.999706399863 371.470232674061 367.496894964249 364.175548250188 360.065983929096 354.802286069609 351.928512585871 348.588178589519 342.867271899051 336.010837045463 330.796281311497 323.924867565158 314.519930747712 311.578524493279 307.946033703097 304.025489796014 302.969335390846 301.994035725357 302.24612188922 310.853245246991 316.651884360549 334.315722538679 344.668962691469 353.173935790949 359.630690894438 365.755098737714 373.080827661579 380.717416176595 385.265871367934
