D4elev.dat76212001.txt
ncols         813
nrows         326
xllcorner     380045.00000346
yllcorner     493695.00002474
cellsize      50
NODATA_value  -9999
[rows 120 to 139 of 326, columns 368 to 413 of 813]
346.062558528052 345.676661244336 345.663773715897 346.032394934678 344.824896771046 341.100546934875 332.679952797378 326.259698530348 321.15409178335 317.939035551168 317.361206895858 315.732239235817 314.434962116996 308.756816917402 303.90293328557 293.834789781225 289.005255987837 275.842903613226 275.292538685753 282.568253668257 301.722432145926 320.602108132956 328.135178308733 326.08523670968 325.686832291629 323.341595911714 320.344567520873 327.441800528901 328.613946500284 322.422597328154 304.845801332377 289.912760253639 298.417674306197 313.803003465621 328.249286113592 337.598246328614 344.920864301726 351.841045628749 358.401242792799 369.422099055299 380.367103356144 386.014679452939 390.559812977759 400.456172870031 411.076780653068 412.795843544065
351.336668835001 349.69106566092 348.523828890182 348.120984924864 348.072637018738 345.647984790824 341.498977884725 337.464755656316 332.550122486514 328.609794763397 326.833373796626 323.824387413433 322.561518208548 320.889932358161 311.659902059093 301.19397918016 293.869105078415 285.797190690511 274.793964160239 274.069613659332 273.574378773248 297.310849544003 313.829713232773 316.722758697548 316.37761085826 314.826324341835 319.697160080352 323.733167723891 320.957166455067 309.229628085538 294.365745534059 288.52265207227 296.669355190005 311.971605353839 327.410835411595 335.46770890422 342.80286490603 350.355602630997 360.08607980413 368.430027892422 379.034072713946 384.296397341473 389.201752251104 398.849878257894 406.016463966273 414.33045068143
354.963183317643 352.602081194719 352.938675176864 352.170406320053 350.956477295444 348.817468771387 345.630737541411 341.94877527228 340.515427500694 335.80588503378 334.618329465653 331.112537814534 329.090449963626 326.563355757307 320.944024465753 313.563693535823 302.315715579706 293.853127333396 290.066177952693 283.29888231211 273.101891337938 272.632442628673 288.993179160684 297.564412048719 302.6630251856 304.158692911943 312.397999910853 316.023793584272 317.952932306446 308.262975600961 289.487510374263 287.180653724329 296.165977239525 308.31981199601 323.522504398364 334.30096578469 338.08051007855 349.617779751669 360.901819110807 367.044755053932 378.444529962168 383.546548322748 392.146402001052 398.334408181348 405.272984627621 415.673564885366
357.006362170385 354.618921246978 354.19158482919 354.170953398476 351.776099220799 349.315465014056 346.480396744452 341.302839041907 339.337877325341 340.720380782881 340.729984863453 337.983871891758 335.961385495814 333.424107357476 329.319502016911 321.579873941517 311.191488759662 301.140129892206 294.176995020324 286.546494258395 280.658497006551 272.160732270438 271.675775615132 283.828747243525 292.879786114568 298.220090853603 302.64180161366 303.483016045104 304.714574606507 297.849293090718 288.177727792487 285.239628426731 292.948759263102 303.10869893392 313.229727217636 327.24885955984 334.444407463105 345.131776510181 355.502306515533 363.504385159733 372.429321542868 381.101706706352 389.331966710243 395.002655380253 402.954634889637 413.436806495505
359.034206410557 355.856360202098 355.003222590466 353.80073680105 353.343076453004 350.93881260716 347.668626271229 343.717030608273 341.634138216947 343.250204894844 344.472219452976 341.59710286135 339.564857735903 336.326339988247 331.757196733306 325.343463386249 316.870042931093 308.656628469816 297.942778538404 291.747990770008 282.701674859874 278.972834306928 270.762372160686 278.779897235636 280.232694861275 290.421564673421 292.911001726848 291.418118641378 290.222493174753 286.920340133939 280.129593036561 281.065947751755 290.137159899208 296.912549206934 304.643247014838 315.882591163883 326.578809753086 337.29504396557 348.625543343152 357.930863308538 366.977025435472 378.57492174598 384.602603667956 390.920815172449 402.251534975236 415.757282680954
361.96306980995 358.651165267946 355.46803019688 354.21942602696 352.227023319558 350.136103258021 348.821024498589 344.943384145272 343.682103131542 346.469771464736 346.475320767228 344.485501306596 340.775650873499 336.795688501845 332.6898550964 326.239824363234 319.731785403245 311.815543605618 302.329129218088 296.273617712684 288.959875864105 279.482481341255 269.819708732043 268.812949614206 268.299248073749 267.807521375386 279.255476125436 282.443723999889 282.36716184792 281.124157373947 272.062676677598 277.162188521608 282.425708682111 289.702328382618 298.596434108742 305.938880288884 317.638229205143 329.097348670944 340.461405857708 350.46888507263 360.512015080399 371.155604650518 380.792119003099 392.124405447811 402.584310671934 418.062408632444
368.386228404062 363.490200044887 358.625360864378 355.454817629324 353.406053315656 350.168446980524 349.643634183952 344.227447454967 344.89069040189 346.089035823423 346.095372448053 346.06925374093 342.694265364007 338.799012370605 334.687472368902 327.873999290341 320.55223327081 312.612104597731 305.723970515736 299.570220656315 293.84612399339 289.001871023409 281.836507914535 279.296925204162 278.733593220963 267.222378086169 266.734586962378 266.252978512907 265.773256757627 265.287731557977 265.77435529851 270.859888368076 279.583303316251 285.090368926744 291.973156442654 300.025650624638 308.151993619349 327.075523021809 335.941426998063 347.326255177271 357.101275256833 368.955830920258 378.743722954002 388.071967599306 399.582585140857 415.695974455645
373.612971276766 367.267404047717 362.749142938793 358.666659679809 355.436678345703 351.877847869156 349.344370893387 346.152766628683 344.96977119473 345.317105850866 346.089645764484 344.87725040341 343.670240222442 341.56754384602 335.980281297078 328.35954190134 323.048699600027 318.522285755918 312.05714107849 306.493418675402 302.701415418553 297.116557101453 292.982673311106 289.773494222835 286.478348137134 280.062469332417 278.298493296567 278.008918803469 277.966328157361 264.807169683432 264.328629233534 265.227691296715 274.792360302628 278.504743877331 284.135056215254 293.352398906327 303.91334942207 320.105819654018 334.102008401836 345.166220346707 357.22175779036 367.997196633103 380.415537535156 387.492480562033 399.176199910106 412.909937312715
382.424160124877 374.504738434048 369.21894853669 364.760563460189 360.029611991503 357.836037534682 352.30233039497 348.567428035493 346.938048614947 346.130083790296 344.977740310454 344.943322638017 344.893601411872 343.260182532685 339.076028039418 330.886756925001 329.886364135822 326.214843731813 322.555330318342 318.040098182177 312.500261733829 306.069111190949 301.921037407804 298.667069223923 294.170651300554 291.314336603857 285.685237410983 280.55372093395 279.210152120253 276.015348094616 263.85089576456 263.376550498844 262.902878457596 269.505029896414 274.272340267641 285.80264887038 296.954847508758 312.006328797022 327.249748525148 343.631807946032 355.127313502011 367.670084102085 382.014075297964 391.453307859007 400.171963701811 411.347793701596
389.292011661294 380.932536730307 376.970118080724 375.280715707235 371.937714012611 368.245442877001 359.53140671177 352.36908155375 349.40530486473 348.527591889173 346.985993064759 347.691898696365 346.886081327752 343.728982007288 340.447179044319 338.781021317723 337.587971261606 337.101158151927 329.59453220605 327.019909493624 324.916327917991 318.843581798461 311.703115475071 305.59711945764 299.514235361572 295.391906350714 292.166331836675 289.356467164612 284.078579801681 279.168683104189 273.069156323387 272.046107949955 262.421115751121 261.917719656987 268.339110407011 277.610760238514 289.047256345402 302.55877437786 321.364563838807 338.61165309696 351.852902611936 364.679445874987 379.383315690633 391.239890370222 403.308515842725 415.094901706009
391.556059623433 389.026077357838 388.928314442888 388.061823405925 378.554529489512 372.888159144883 370.633350708937 361.468752392258 355.046875287671 352.2256074767 351.376732375573 350.952909428242 349.269676235703 346.511906163583 344.917568243029 344.875769561294 345.255787898565 345.587950672568 341.14175286241 337.943866553386 333.859211821683 328.223180495278 321.285499796427 311.235383683918 304.412749429999 297.554717497222 293.816662849968 289.430857767141 286.101394903052 280.513169766458 274.056401628543 271.880418382065 270.640404995211 261.415125008707 260.907524437704 269.401312801372 285.301177021899 295.739216100323 314.77262988232 335.974763201715 353.308210342341 364.938565435782 379.755107645922 392.21714714719 407.92354844864 418.240645049851
400.004713779873 396.736171902703 396.662702885066 395.029970813839 388.912026783842 382.050595381586 374.960660205066 366.466292661403 361.936480623525 356.267013436655 353.853665030004 353.010689863907 351.060720140107 350.129813850985 349.315158929716 349.30582220765 350.946262820267 349.687685835958 348.476638190249 347.216227595735 341.195789015547 332.038936745178 326.241030147523 316.207536468175 310.003588474033 301.934998365149 295.937131030988 292.99508004779 289.381653512536 283.710620595975 278.803293147924 275.404279138508 270.633909182927 268.77486362282 260.404925347298 259.869606629598 279.108172438001 292.051813541291 307.950781822642 327.915530026124 351.846923993174 365.85565834008 379.765608311424 391.590924044364 407.007648373001 422.63867362674
408.900365728717 405.19298973903 402.771535695825 400.708996074722 394.261512208352 389.027919621777 388.410466843512 378.450948627864 370.013142758019 360.885083162475 357.884268908156 355.891806476212 356.204428963751 355.777564047147 353.813902091962 353.412558364245 354.182427072989 354.553291930965 354.143198495192 354.088219572887 350.877173133909 345.981692673121 339.143144029453 331.434426402584 321.391494966941 310.797117496666 300.700686824408 295.033419068508 292.185005631797 288.15955218988 280.933902927163 276.802542770877 276.043233707928 271.289397627426 268.869087415162 259.367606404251 273.729088997381 287.559352662307 298.584187595791 323.821630553463 346.226404893641 364.149694423715 379.046810876664 394.538444447888 410.15784611167 428.426202824256
418.597673917008 412.1377383027 406.96501404263 402.871593624593 399.236352057959 395.549774825736 393.835027432384 386.954265724938 381.944362593949 371.221869974266 364.391482642547 361.609443137544 363.052016574172 360.700283413335 358.219385317799 357.793478033788 357.400694648717 356.607727601861 356.190060556403 356.159041640267 355.328805574725 352.562800773373 347.280555374494 339.587886938543 332.270539266151 315.375517645586 306.049459766349 299.091674492132 293.831277553537 290.969598585741 284.122415117929 276.552541614531 270.681521195222 270.89045160128 268.788570809029 258.869346486225 275.418142041058 283.475082550126 299.035988756756 322.035272666235 343.437480524314 362.390087684019 375.348366869834 396.770389239558 413.234273381446 431.695695251821
429.048147708762 421.870435732216 414.636344506444 410.12867548875 406.520478527155 403.205096599313 398.80360246226 392.737823716071 388.544910866345 380.500683997129 373.619180780071 370.031086077027 369.941596600852 365.908288231107 362.343290114525 361.891915394795 361.089347636277 360.660841693076 357.043098548868 356.628887459469 357.776480149799 355.787637624572 352.966090333799 347.254869670454 341.56142547922 332.191671354521 316.529455718846 303.138112809699 296.712884518338 293.768166287824 290.848885851989 277.882028060481 269.057846030438 270.876237455925 268.427508659545 258.372630495341 272.028491202537 281.661283422453 296.953387692283 318.878219271435 341.953100103715 358.907446577792 371.929796972141 390.52025383031 412.483739820671 426.039765067512
437.163907795664 430.396272175111 424.33193657518 418.668080411572 415.407912753381 411.668604799032 405.976392726971 399.987958736432 395.068061145301 390.581912144009 380.956977626955 378.103900887538 376.445157359609 371.21364144051 368.005583953509 365.89609852505 363.888731436659 362.268384606145 359.021971796739 358.987776449758 358.987687185354 357.390241354153 354.584213185661 349.30560386737 345.618903191929 339.841048657074 321.783323456038 311.636742771149 298.366622927329 295.006087853564 292.504679379138 284.014065485013 270.110576817298 268.941967501835 268.841858077317 257.8807207579 269.539474897384 277.642131527159 290.462882018306 310.138603119902 336.01345637505 357.520615366753 373.84496811166 389.42629267847 406.658644454628 419.219716339645
442.58176506175 440.086978471167 437.977048242316 430.359607247322 425.439069338507 418.986843580433 412.103748262136 405.990366474496 400.396107304778 394.306794956758 389.373369120177 385.385003421454 380.92193233029 377.301258879315 373.203221645437 368.828501360991 365.521120507789 362.732178006898 360.732524150684 359.921339454814 360.685489602389 358.983957086966 356.554075691493 351.753313142441 343.31281736496 334.684387106454 322.627159958568 309.250587407003 302.306735482984 296.696439407716 294.098556165818 286.717987567227 274.767510917874 269.021710946183 268.162894052206 257.40007354418 267.52009922827 276.129770587435 285.024089141857 301.583932911178 328.478430702255 356.005784338447 376.157126493839 388.044677689077 403.26463895797 414.714114120475
455.949600294531 448.641248997269 445.289531613333 439.317050688557 433.210800712603 425.934348505794 417.854897842424 410.577800073063 406.481091155238 398.877037436294 395.131735667772 391.896900225589 388.1812102416 383.404589103212 379.271705095022 373.587293226264 368.43323372355 365.907219505064 363.514398651889 362.693598855196 360.713329966923 360.649982008062 355.772733072817 350.958937744697 344.829253721754 333.880385830422 323.387058915496 310.858965525126 301.522494800184 296.674561372438 293.347231638662 288.75758143787 278.887121336951 270.73113532311 268.802833230098 256.930547666258 267.499999116959 272.376999434139 282.312950461705 299.268904939239 320.641838589904 345.5476328009 375.693380532212 388.684230636216 399.541912527929 410.958190100558
475.697786254339 460.755501252483 455.118243332914 449.403893520543 442.894201207168 435.969316693152 427.095030773794 418.629938368325 412.894166566513 407.674772535778 402.790666367448 398.795510584453 394.692659200427 389.387758984932 382.51295365682 378.094104398529 373.599359598384 369.219906786856 366.809482704002 364.705881316943 361.905948624363 358.997430753185 353.816892928089 348.121121584587 342.761672591449 333.110470111212 324.561524648768 314.815501872787 299.239216659029 292.70551463476 291.009415866401 288.788828324652 281.586461177343 274.023399547013 268.878740143295 256.463165493215 267.381498910183 268.300127770598 273.056515735099 292.922484158397 308.694162861718 332.530376843706 369.440469929015 386.929176889746 400.733942614565 413.318700573738
489.475058635284 477.371806070902 468.287914801537 460.27720897122 453.008558880669 444.913372604058 436.015918813734 427.122801586844 419.434824491217 413.342437960714 410.468961542592 405.972526989195 401.175381583036 393.913869046579 387.815261188868 383.003338376643 378.489585352062 374.007500762314 370.807251505201 368.006790578409 363.514389317295 360.671727263545 354.222351954002 349.271040103676 340.424322213109 332.343888473196 324.606212600397 316.03343909599 301.21056045349 291.685922022803 289.513706029633 290.932778785844 282.695153864968 276.038305480686 269.005613338237 255.993975115167 255.511620912021 264.690163841954 270.378049716707 284.14006528513 296.729332317785 320.609886002629 358.738965829477 387.628343336047 402.513121458469 416.283892072231
