D4elev.dat110376000.txt
ncols         813
nrows         326
xllcorner     380045.00000346
yllcorner     493695.00002474
cellsize      50
NODATA_value  -9999
[rows 200 to 219 of 326, columns 414 to 459 of 813]
385.733164403745 384.636944554641 382.437225517477 383.489243790356 386.095385225399 386.825555735648 389.737304855901 390.884181203512 395.046290428273 396.635681636664 397.816686536143 401.172149877146 403.023196418141 402.603203970908 402.170690622629 401.076345217651 400.264190431262 399.929553178403 398.703616951006 394.238744438227 390.161374760624 386.06102289659 379.98511714153 375.195091538605 370.730968639353 366.183616274923 360.579382814975 358.994867134962 358.262389698763 356.784433363423 355.967164178673 350.791904819828 345.118096674908 338.72930460064 334.171785155608 328.240189137668 324.89503461838 318.829695263631 318.07192023563 313.19930131636 308.689871121803 302.336407464314 298.193548408756 292.890452155874 287.635705567577 281.289470499328
384.106726575786 380.074699836666 381.18824990104 378.991592980377 378.589719026779 378.292009417102 376.875201256485 377.574360839415 381.661741677035 385.701041228606 388.687820162427 390.216496879902 390.929081994912 390.254032540612 388.829954375594 392.475702639396 392.103110611925 391.70176096551 390.894826380898 389.093293086059 386.776288557412 383.371492785452 379.279304810248 375.168873611182 370.998158457916 367.68887310298 361.011018283239 361.298422577838 361.283481365951 361.270369422007 359.376301652962 355.273726012042 349.987970462411 346.974108960804 340.978047977587 333.855076320746 328.610502293754 323.397001353397 319.595864073611 313.625961699304 309.808401991965 305.691073738192 301.213419735965 298.170046526536 294.773381476977 285.324042952417
377.646058106346 378.046525990399 381.107363757321 379.198828138403 376.891911522442 375.174281092115 374.742014487616 372.932631930784 374.409641452845 375.5534925076 379.665868294319 382.63732454992 383.366357409449 383.094137152643 383.398747756212 384.576447083849 384.211480449384 384.875484506035 384.569840570404 383.76323327519 382.644441354857 379.278942998259 376.664463758277 373.954395977071 370.686880826382 369.380332247776 364.316633974855 361.725843634463 361.693049312446 361.286418994541 361.235983439565 358.236653320374 352.975473106758 349.537953578852 342.885559760884 335.402987543363 331.129676651915 324.540569366529 321.079137466361 316.978521422741 312.482119978367 308.299102104803 304.586485904447 301.170413060923 297.31034169975 289.858631624509
367.308115723455 368.7928180994 367.736047898667 370.881633407614 372.31915495928 370.213010039479 369.800543982156 368.350605006193 368.371995558442 369.483820174467 368.89176718063 371.463860786815 375.181927738372 376.285680817756 376.700803530283 377.390530150691 377.015015391715 377.371620771215 376.954118493169 375.876582362324 375.840253825024 373.669053262655 371.39319986011 369.877361091472 368.730981634291 367.584686383667 364.645386762376 361.97549691439 361.257576406486 359.357542651226 356.772167772272 354.8551909211 351.86131167512 350.974035323386 342.435159793434 333.556179932115 329.038843001371 327.822070249669 320.718926235013 316.594139359473 313.197150698657 310.952105382304 307.144884332815 301.190282947158 296.277249096472 289.881942784204
360.092125788949 361.21317404022 359.013258680099 357.970236330093 359.017588506807 361.1879343881 361.16067818427 359.363432618255 360.847970685589 363.134731282153 363.887245859609 365.43359513405 368.034254886509 368.873931662718 370.330106044588 370.714989299037 371.348864436662 369.193544108074 365.904858743764 366.918528369749 366.227827273217 365.800726798013 366.148992417976 364.957313142305 361.745941669379 360.243216390439 360.453358433995 359.327027099405 355.966492849484 353.388243961058 350.404587408829 347.414955278059 346.257552075286 343.25264195916 338.649220670339 333.082484400978 331.10111093835 324.855949364845 321.046431603085 315.075682667617 312.083028778131 310.937848251146 306.044554448374 300.099238870412 295.182677501433 290.942358819789
349.507488745921 350.388530393354 350.409733665189 349.619685426189 347.146293382474 347.485063407721 346.705227559293 346.703727025989 350.362008850704 354.784342895846 356.757849748746 361.224506671988 365.703447073701 366.458175147948 366.491415516171 366.461228229096 362.111611553186 362.75794664579 359.836846971368 360.479203449781 360.164658590192 357.256228275838 358.267277881766 358.235620048166 357.777103601779 355.199668389317 353.325293636708 352.216330930886 348.874764918657 346.583318672171 346.223716045134 342.053463912559 337.198450633267 333.507550525894 331.168499475279 328.927864746554 324.855428168892 321.04003670451 314.696400891268 310.593924786693 308.257006946449 306.445085179239 302.663168044563 298.841248107121 292.897990124749 288.398793228751
335.698572837968 341.287791503924 342.814524201164 343.486841299665 341.335731024844 339.096132387533 337.661757883628 337.014973022872 337.731865966382 340.698370299043 347.321740782335 352.902840200291 359.238348870968 361.554089828295 363.031893686817 361.862799934761 359.281853813308 354.907944754855 353.441861962868 354.459989769458 353.373803758425 350.827188428617 349.355905576381 348.932654695443 346.391044489176 345.122876112757 341.874312685552 341.003705825583 339.863228319091 338.338787328626 336.814077039499 333.815478884243 329.33891787532 324.876901658699 321.774350568468 318.121449136126 317.236296202213 312.777539000856 309.466192538038 304.242705830665 300.189776323443 299.669747392831 296.289970356562 294.334522604919 290.237788017942 286.43379568375
323.410898023936 327.906208409607 331.554614935336 333.020173462482 332.600515981376 330.091377480056 331.449976364959 331.822309736325 330.415384075902 331.54076937954 333.910466680536 339.068562075164 344.70590854013 349.138414379382 348.437318976336 349.503416278533 348.826765933581 349.16218921867 347.337274645081 347.724487913773 346.281176536389 345.071239955596 343.966319121974 343.243443618186 341.318065254824 336.8763488197 333.877560798117 331.190773850874 328.980409871067 325.239810623552 323.400065423212 318.889752464738 317.713448402394 315.074801536572 310.619371511316 309.732518628587 306.452582936831 302.319786207626 302.624308906805 301.119785631415 298.116587455107 291.860303472329 288.857343485548 286.223916631841 281.78389475733 281.28257283384
312.712083653453 317.226513592142 319.193351229232 320.308905855277 319.666088280002 320.664022429763 317.883560368978 320.263891946106 317.800333833566 318.501060733966 321.00842929125 323.99913856746 326.638322277601 327.905421586092 330.845431620816 331.988431485325 335.959715134565 336.019974244506 336.843504068771 338.326005372281 339.014276391169 337.935798814599 335.710949800509 336.774439022401 331.983833627243 328.163165585046 324.071689011851 321.453225432402 318.450330394787 314.301384375572 312.453518647095 310.525539614939 309.348323540024 304.12855585115 300.065405397254 297.364341019379 294.01360862396 291.832621693419 291.035800988784 292.832861119483 291.737631057621 288.74084142124 285.356403909422 282.356495930569 277.234980323654 275.973718001701
299.26065095361 303.411783201282 308.230875985422 310.121646808153 309.804762052351 310.566076088749 310.552650153858 310.144058057717 308.050402005511 305.459835688138 302.592839056123 303.61112756245 306.897858694665 308.787966741243 310.692185601131 314.337090781241 317.307495876929 318.578234775981 323.614256736262 326.310250364835 327.449886826484 328.513053150993 327.048346195961 325.53621919424 322.924468149591 318.422353139181 311.14391672201 310.562250087745 306.132996012195 302.334035479305 300.09479246579 296.714277578657 291.87341584734 289.224298633271 286.88515720259 283.912789954148 282.782385163912 282.734509452074 282.31962413137 280.885617297183 282.314236744189 281.224422274273 280.097721840015 276.744468303728 273.353126197496 269.322221540186
285.803471015573 291.356903485836 295.825021881238 297.096418474276 299.979798437452 301.04992713515 300.034386780102 299.658541786217 299.658018034382 301.035325104011 296.313377392654 293.769820736784 294.778818467244 295.206552858299 295.963648316115 299.293732854577 301.2305206886 304.216851118829 307.232347561168 310.234150428968 314.237921821881 316.856898741996 314.668984209674 313.93107095473 309.827787215304 306.497783685356 302.683019584832 299.665050402385 297.015050681425 290.378632871807 289.154198460123 285.372971220805 280.212731270484 276.017559840921 273.019970016458 271.505307730057 270.030579236125 270.369468915322 268.541122374111 267.869180808534 269.592082585489 268.933753312076 269.270414078535 268.423354769171 266.493655024709 263.511501978544
273.264210967375 277.426124675362 281.655635713655 285.326231996043 284.730495753314 286.367679933438 286.132169704293 288.655709475809 288.815006839689 290.958378566246 290.925035913038 286.240201062179 281.854249957028 281.787511251956 284.913842106393 283.944798792502 287.933017409829 289.536227772798 293.900131647575 296.96279630625 298.535211394676 300.050382548465 300.076923320876 301.073329687836 299.188188037554 295.849356350988 291.831318078493 288.434130414618 285.007036938402 280.535143692587 277.493725938596 273.802764175972 269.311534882865 264.437745373138 258.993843748454 260.58639767791 258.445348518548 257.350520092503 257.62027552692 258.382090636199 258.39715490844 259.441679393848 258.354567326325 255.805209217916 253.535504427608 252.78126922051
253.537580741319 260.873604727766 265.924217346412 273.65953676297 271.863590699719 265.174481944793 269.02081359723 271.966805807773 278.462642670504 281.764722181303 283.64780324478 281.754185982827 274.128274218768 271.458344034051 271.801636221324 267.626796574732 272.64790764855 277.266210535709 276.683462991076 275.772191719275 280.78694305365 283.346035836685 284.163687280945 283.792972494868 281.962223313247 284.066284401297 283.224652541883 278.830697610091 275.188781250297 270.790336378447 267.041389414419 263.344601147147 259.518536858259 255.421252000986 252.797133311744 250.907094592391 249.033383664104 247.180161125979 248.203546268821 248.207775706358 247.545238385024 247.911337200852 245.685130484452 244.541170399843 242.651693355021 241.924603752632
240.930874118754 239.223893144275 253.313376691519 260.762378097959 260.849804675683 252.840609569913 258.482879762389 258.993035416821 256.250944406438 264.972169958434 263.654978878225 267.576633375345 263.467487518579 256.651571118296 257.259865393349 258.283216703859 256.902408653424 254.100746567015 253.73601776618 258.402467084712 258.530442777786 260.016394698163 261.495552178184 263.59621444511 262.568320241273 261.532305628722 261.877570592755 261.440308675952 261.324516990467 259.428488449357 260.746957276331 255.660257558929 251.130830241072 247.093585208831 244.869982203612 242.971177439939 241.831895668958 239.594654369164 239.952026305731 239.204621132389 238.915539802826 239.183348844075 239.120287848247 236.176594589418 234.013662778766 232.826314110203
251.063323581788 238.052491833268 236.426683356443 235.053406108139 249.761341883089 248.145921766507 254.744998563919 257.372193683919 247.972693636914 246.552898938847 245.204813945808 246.280958951954 249.018208161456 245.269723156608 242.3076932024 241.95579877192 243.299498793294 241.831199518049 239.028835530296 242.55638314396 243.697346968379 243.744559683457 244.156103598054 245.617145928118 246.044690707174 246.71601472971 246.068014784388 246.064807596005 245.633416379163 243.114994969922 242.634718636559 240.740678110717 239.569279778079 238.404711154491 235.089900935571 233.584494309818 232.08877024884 229.869035309421 230.218693063859 230.981615511038 230.990758952273 231.250569252904 228.722783668557 226.559121568038 226.107373491125 225.019063596124
251.640825498501 245.611274254375 239.925968251981 233.39854447913 232.056533092901 235.791962101117 240.575687176982 245.41287307475 238.98208981753 238.886340663937 239.894330798478 240.285066354909 240.86812269813 233.626445111133 231.659191230512 228.785763892677 225.322629172033 227.665210674439 227.24616591588 226.24916127083 229.766682523601 230.892283899416 228.699391952837 230.137905319044 232.038481169736 233.906251137521 233.204517764532 234.99964402626 233.185538619016 231.004623507238 229.11434009809 228.011876319151 226.549585843277 225.359922580926 224.622307803156 223.511706572393 222.690127766435 221.979613180342 221.954831570665 221.97574362619 223.044380915582 221.989217941598 220.498056774821 219.66395814332 218.573791927265 218.519881404323
260.954626956321 257.927960715764 251.552384506631 246.423821293505 230.240249940806 228.378097947552 227.006536794059 230.316023380109 231.82632678604 230.988152377664 229.853932539981 228.791918149596 226.226035251476 221.4526554957 219.243759923585 219.177419116736 221.174893824038 217.949966558383 216.098269640974 216.046574652115 216.396094352395 214.545539771483 211.644256399242 211.656258164937 215.696304179933 218.977334416286 219.690484516341 220.768175612647 222.15181436117 218.566991027567 216.309519015256 216.246308323565 216.209261355891 216.189081743427 215.132097841957 214.051078593638 213.243819780794 212.539397405349 211.760034195316 211.125540457511 213.620821549943 213.643248869269 212.175430196427 210.697044767011 210.264319416335 208.174221204242
263.976689936103 259.079462055732 254.279712545652 249.3294760417 240.548325545301 240.575448955458 225.017987614116 222.949231305631 221.338354635231 222.586961991577 221.733610887585 223.073693239694 221.198765849154 217.830097841119 214.302640103887 216.288408485923 217.351016806575 215.204540663719 212.627202588803 211.113061350035 209.89275951125 206.693428120761 203.780459886909 202.367495281024 205.845118627003 204.503374974719 205.261206106105 206.332625518746 206.945207481203 203.716645235247 203.862546186076 202.44434501519 201.403361271808 202.128629622573 203.520614530128 202.393526866985 201.709225234729 200.26075406595 199.833432752542 200.574501721467 201.28324050104 203.782368905308 203.114433920843 200.93219382425 201.283559779832 200.241193187595
263.604420717583 259.110779706297 254.598490392152 248.9943033098 240.784333832806 238.048965764891 229.214998881831 223.362610712376 219.255067782505 217.208275487724 215.698774065522 218.00730505199 216.67676366696 215.571014536958 214.090714994509 212.631153594911 213.290565145273 213.64218113165 209.898331008353 206.619863047499 204.358468801004 203.2451745902 203.157410316728 201.283652825214 200.818565471145 198.950044730839 197.854032540989 197.874174002266 199.243230256563 191.451668209048 189.240375231187 191.354014252811 191.990964729622 189.188863271994 189.18751426324 190.599900625686 191.621395219669 190.936415653539 189.132415012161 188.367300610026 188.744130333592 189.155484670092 190.955618476443 191.36159257428 193.790894385526 192.760564273322
263.597061263236 260.935921120339 255.755132624903 251.098621489002 244.051438798167 238.469077046302 233.974454347685 229.797241294151 224.591873047793 218.623990964315 213.922396863608 214.844757073239 212.503284899502 211.914532171867 212.217994048663 210.744487579982 208.936916818109 211.027517577775 208.685419170604 201.792558756799 200.942409368374 201.642513373037 200.564612363571 198.938766577682 195.897356990802 189.195913103192 188.698221903569 188.042525568954 187.994598314036 187.90249384794 187.855499798618 187.866896638893 187.868861364643 187.842787828674 187.836025199989 187.857068517471 187.87258837737 187.861337582388 187.833450366368 187.816105964945 187.816853188909 187.831705470779 187.855718956779 187.876703422463 187.87595582381 187.396987024289
