D4elev.dat110376000.txt
ncols         813
nrows         326
xllcorner     380045.00000346
yllcorner     493695.00002474
cellsize      50
NODATA_value  -9999
[rows 120 to 139 of 326, columns 460 to 505 of 813]
457.797856339378 458.910337633132 460.966737419286 459.21289773357 458.899647058792 457.496858392926 455.098304523597 452.727949385974 451.62476489821 451.303085375059 450.219363106788 449.596509291996 448.193105825596 446.781192877391 444.388379469978 441.303428668268 438.780649557397 434.400088156286 429.911847296436 426.098639325814 421.918757575417 418.831363895902 417.1184555853 416.00433729234 415.019538589517 415.979188460641 415.701591488486 416.368425422679 414.96796315206 410.923598083298 408.796281411898 406.673044486133 403.589816535796 400.525520999125 398.793233398985 396.702059438146 395.280180831702 392.890532784738 390.747276324764 385.323348155104 382.022723682568 379.307779792266 377.457349109411 373.216177040711 370.831154966405 369.627513225908
457.169984028433 458.194475836868 457.813293963587 458.492984483206 458.498128329125 457.760618800614 452.733867986291 450.629083293147 448.972105821714 448.930556270594 448.892390203304 447.501356738443 446.387977019592 444.393243186829 442.28702961391 438.821910749994 436.091227032051 430.943157757856 427.422330408863 424.004653016053 420.20666489111 416.715856062177 414.309254002454 412.215123552202 410.906526389265 410.194997072518 409.500515210763 409.484638165552 409.067595643418 406.980460424106 404.299705599552 401.517508942537 399.777183411914 396.702092674636 394.300239567672 391.518700069424 388.729460168547 386.330899921621 385.277332908506 382.268603259328 377.995737107307 374.417735769052 371.143496752442 369.591886110683 366.909788111199 364.546500512336
457.469437573498 458.180658311174 456.122637659582 457.182900062225 459.571344877931 458.861079256175 452.310931348405 448.970357053746 448.910796737764 449.188202574434 447.491882649179 445.812787863913 444.009391369765 442.01097729369 439.915279941246 438.479973266864 434.687246233918 430.223987514562 426.798087102778 422.612603926914 418.810683421144 415.013517522597 412.183342409429 409.097707792544 406.706397503712 405.000593480675 402.931476722076 402.601118197796 402.190106979947 401.858032192294 401.114473440202 396.995776267565 394.990339387189 392.881150119312 390.466952654353 387.669221940864 384.584924399542 381.514284263034 379.123943423988 377.96504052509 374.085747497446 370.510011697981 367.529462068588 365.703253738231 363.600346225781 361.210785464754
457.167271073875 457.176160722624 454.715450695187 454.720356106375 458.168611891268 458.453810582913 453.681854986404 448.940199715227 449.881640444921 448.455106898331 446.811810787252 445.092533517103 442.631247722292 440.629442455636 438.821036510159 437.479808839205 434.38856029141 430.196669999433 426.766599952172 422.278641519112 418.091251266644 414.006139284015 409.155791873986 406.016344532969 402.254689343776 400.772039145809 397.71431141119 396.309183455839 395.693636085393 394.306223566228 392.906949497601 392.164273430644 390.453019768437 387.974980470788 385.292879888733 382.217306207439 379.79490613073 377.293602838127 375.278712033906 372.021341651361 369.326484375678 367.484814103804 364.789714128447 362.405587293723 360.595856468232 358.199186117034
454.682473201528 455.077355182667 453.384534220546 452.711149022138 454.684959191287 455.760557621652 452.684515165876 448.926904636217 449.190691028251 447.799875670633 446.115175192451 444.719743550767 443.00342306134 441.283710059892 438.810929720418 436.40724385444 433.705600577023 430.201048956861 425.392613730017 419.87026443663 417.113705457281 413.970315431864 409.454316002323 403.878418562923 399.518421260248 396.001283267015 391.973419527973 390.795473690154 389.761183482529 387.414639988792 386.310701412288 385.296407407712 383.886997994172 381.798705540791 380.45405545931 377.957078607617 374.608681678341 372.225097641245 370.789439973866 368.395264804671 365.995712415536 363.8906954001 361.216799932952 359.401416758482 357.880843633479 355.493829046139
452.288487601332 451.60294644501 451.292174212117 450.617442764398 450.904520158329 451.300051670483 450.593842238102 449.19803101626 448.453061741295 447.797291694738 446.764031262027 445.345002287342 443.30115858063 441.290474685886 439.192969121027 436.79301273917 433.705918975377 430.595879500649 425.724630547847 419.888110095711 417.778231037753 412.262777205613 408.111549132549 401.293377376111 397.054376945943 392.014272362206 388.750146946024 385.332829195037 381.240039387076 381.809016502731 380.791075658264 378.716564657822 377.308646413653 375.613344688898 373.529019568263 371.535443183836 370.103389217334 368.021451139365 366.59579357999 364.215319551559 362.398511902031 360.307585134805 358.497979105508 356.13141237813 354.616614612298 353.086908280026
450.197862778196 449.599395027284 448.90489799411 448.889997408117 448.891397911794 449.184937603869 448.498713039822 447.789990962441 447.098812921847 446.77957099281 445.798211376687 444.679670406628 442.979848712629 440.910322123266 439.478415581877 437.086797991034 434.394996738774 431.57947056936 427.809810985515 423.997494938817 419.751502070507 413.65406304808 409.096571401311 402.027471412677 398.751322730274 391.630583661533 388.012166499657 381.295295352174 378.777065387867 377.713185012561 375.318765311481 372.943519576757 371.819502018966 370.416589281104 368.717743539095 367.026387621687 365.911636862608 364.607294309222 363.189793888148 360.624266384449 358.813973379275 357.305287380158 355.802875528946 354.29263536952 352.49180804017 350.406760320824
449.177439291985 447.498772650772 446.800519712858 446.40378831364 446.399006987067 446.787503698184 446.785045424116 446.096041800704 445.790394760615 445.386551665602 444.688822483784 443.685655239835 442.282234385848 440.227231954684 439.189180627589 437.095556960595 434.967337949922 431.919055163999 430.801946669189 426.380595051439 421.890689949334 417.347203324435 411.88438454912 406.673680659184 401.485901100503 395.944154038776 389.785762011971 383.945529697005 378.506623489884 374.684889446073 370.923929332129 369.04039817955 367.747162850134 366.600834539414 364.912108210777 363.526543710558 362.808918546907 361.510989649614 360.095538139446 358.191680573425 355.823582319233 354.608155487828 353.406173955037 352.199338405571 350.400023549555 348.303540224452
447.063502407602 445.098447131957 444.687551765394 444.004294380901 443.708373256472 443.998063985469 444.388179743676 444.387975683737 443.999308509601 443.693211223028 442.999484345484 442.296722817489 440.931171980295 440.874044435493 438.786699856046 436.806273970468 434.405734769464 432.296729180423 430.829925850917 427.067846937629 423.282010825985 419.473081942181 414.925663949839 408.800994198332 403.868667224454 398.388363787697 392.850616641656 387.594564237571 380.570169836589 376.622663142265 370.837858186303 367.29370133698 364.923096998053 363.252448798145 361.537476573027 360.82671479366 361.063246243007 359.002455935457 357.297903481016 355.213704388153 353.698744859955 352.488588546049 351.017724588924 350.948281255017 348.482079357862 346.389630388647
442.608339915555 442.312654290741 442.296704396909 441.614614004313 441.31106600159 441.311347475223 441.61237087149 442.287037739829 442.283853541019 441.978743235201 441.287936581011 440.880042694053 440.864557562869 440.845634442475 438.785595841737 436.77255644492 434.398887322894 431.240396194053 429.208982867341 426.398003954833 422.991715956556 420.792347803566 415.914355120941 410.444197667264 405.264298951693 399.510659884322 394.59109174285 389.332771389218 383.158388398848 377.620954722068 369.184187443455 365.985509804019 363.54913524412 361.53370281867 359.17954800588 359.01160369353 358.631294930176 356.675549031728 354.901491585087 352.814912023115 351.032445677268 350.021280550682 349.188608179558 347.592233946648 345.800811880777 343.99854416214
439.92263127689 440.199739249965 440.1872562478 439.875389815139 439.189475466593 439.189775652533 439.873100845367 439.887673999722 439.887763586651 439.493031818575 438.805706916786 438.497390312688 438.204839428408 438.48928209868 438.183754277654 436.784095107597 434.359120023184 431.611809558823 429.185692787042 425.711771736244 421.91932814488 417.3603351049 410.590807247183 411.094672762145 405.623489131385 401.090935243039 395.226566795964 390.031498685773 384.210252779854 377.639777961706 370.851407414138 366.995050375447 363.948679138949 362.110314657603 360.773471233319 358.973301331456 357.266052378134 355.170715050693 352.80382317028 351.014522934567 349.347020935975 349.169202171714 346.737255116279 344.686030111949 343.105548083879 341.324031277588
438.80694592088 438.198622656384 437.763389378275 437.048844695684 436.08087936709 436.369164336757 436.772733434272 437.073298202842 437.082365975453 437.077292984079 436.391254040264 436.077086217816 435.409641677093 436.081249726585 436.772300872661 436.763179291035 434.362669274628 430.935895477494 430.821430913727 426.071408793058 422.210332773236 415.889299462029 402.593069075208 407.274386131784 403.802006017686 398.684415093332 391.25934237244 387.935379934565 382.465066825943 377.248939817024 371.123444894467 367.680408802485 364.87476696997 362.787885614788 360.804613818301 359.000130692426 356.97546188765 354.50668527557 352.129876966868 350.416950296659 349.304901512952 349.014418069971 346.376367755223 343.114346710391 341.026665266948 339.467149616781
438.756218654557 436.401414005611 433.359382317789 431.67908366098 431.642756354661 431.928684634104 432.602230400897 432.999378319625 433.313659195698 434.366769398521 433.307251865832 432.613128609476 432.600212569956 432.986302560346 433.001600257431 434.360768788698 432.957589338681 431.162366534986 429.357482306179 426.081368764355 420.364108182495 412.850926031425 406.589398405916 395.211441573813 396.621546377566 394.158485075627 388.309152668885 382.887289705967 379.361931399667 375.529235468029 370.409330869285 367.004087832011 364.590415580436 362.473418518114 361.051229489091 358.97366780556 356.988425778532 354.887837968685 353.175245921989 351.314869641415 350.986744604609 348.855315723621 346.646652610586 343.156167141619 341.022776150426 340.087002301152
439.179224352526 435.674981865759 431.647299525644 428.930480347865 428.87086067931 428.863581288392 428.859085860829 428.865833917957 430.208246468148 431.173271435801 430.579911478458 429.506909719502 429.48523777437 429.465243833265 429.446730713913 429.829295083534 428.459547139214 427.327884760592 426.646770992372 423.709735829347 416.913994243384 407.97331687508 402.103706790922 393.902889210772 385.061065812445 382.332065478773 381.105242085676 377.700466129737 373.9310478351 371.125568110831 368.979109648898 366.27874879649 363.498187164253 361.134514441619 359.082134274975 358.304499553139 356.60170967154 354.898351210549 353.178382224615 351.328056525017 350.948433808072 349.204570471049 347.538542252538 344.601906354394 342.218746521035 340.732430479102
439.18884906303 434.722378167775 431.935517212754 430.214635257129 428.8422776056 428.783732887082 428.462363493975 427.1165460112 427.771936855104 427.774820101226 427.075162301537 426.098090239989 426.069874069223 424.703780265216 421.692246312705 420.549433886835 421.814503502196 419.737763954369 418.620109416327 412.724120136262 402.025148057209 397.493878524817 395.885317554063 390.670785562809 381.559697514471 378.016961443477 374.671877960022 372.517915766361 369.719430923715 367.329689790058 366.290318911777 364.868683410665 362.492802096411 360.164052227657 360.050802493116 357.974647560137 356.294820014546 354.48911983937 352.793035962328 351.282195861236 349.247168020369 348.886868581113 347.603240673472 346.361671065026 345.209880165623 344.004704488309
439.489162486508 437.771841081191 434.951897701388 432.583129624805 430.177977394668 429.194363890401 427.042295529416 425.025439302139 424.302354357721 423.993934648384 422.638533108499 421.66539297544 422.574210195856 420.565403737973 420.822521868971 415.02990426986 409.329783026542 409.844595603925 404.683929340686 394.31489357526 393.056852184673 389.272028385582 386.103327020903 381.623251034204 377.771872919673 374.911226655049 371.530320087777 368.451246690814 365.954060128165 364.219832712555 362.817630800033 362.764722500156 360.822576464314 361.045720477117 359.317285932271 357.294695364616 355.561500857882 353.504507138901 352.077646854747 350.393528632134 349.180777038811 347.326610477118 347.881637477431 348.281954655665 347.883159455781 346.98884571556
439.494417004184 437.489343375645 435.010229547062 432.601795907543 430.598935244718 428.746835181395 426.115634204655 423.042559656505 420.972327541885 420.241714527787 420.847184157531 418.799975557448 418.746315428728 420.759400189937 416.422029713615 411.359902347253 411.000817481246 404.250179005636 400.435137360004 392.044185599223 391.165310786137 389.00398259241 381.251421157758 379.782805861766 375.351646687437 373.161482445112 369.056862311143 366.356087482094 364.59616429996 361.540424755202 359.092602077859 359.662973886509 359.365356984532 359.34399733338 357.660529795252 355.585639266124 354.167518037206 352.098023432229 350.402623887451 349.183073141282 348.249036663482 346.124948917473 346.087192356978 347.581247719896 348.474852827379 346.999344311834
439.488538294232 438.177177099409 435.384498648777 432.601912503981 429.898157151594 427.800369871796 425.008568927597 422.337755372434 419.888198687699 418.786978358314 417.052574783464 415.302160381944 413.273612076634 411.02326141272 398.64116255188 396.197884353974 401.729356688976 398.275740403277 395.149192232002 392.104169663411 388.885243126276 385.88802967137 381.088269912519 378.217707189702 373.894693804129 370.401772863385 368.641327753038 365.82230520354 363.153779768001 360.733887275587 357.623238693853 355.22728674185 355.878423586384 355.874560921472 355.157294542262 353.438014864483 351.371359108364 350.981915200773 348.23939076557 346.946733459442 346.049258516457 344.582130699538 343.997653123379 344.879593576105 346.37366467043 346.3758374298
439.2010913372 437.774627433575 434.99770693644 431.90336571546 429.513675211766 427.405464532686 425.013626367435 423.009874564718 421.193215888008 418.713724929268 413.984689416531 410.892099388786 409.056849706295 399.032063626304 389.292201180108 389.085888874785 386.400971193495 384.703875124468 383.243501886146 380.835947619745 380.483226197706 379.732586761785 376.946092223539 373.165570941351 369.707945226407 368.327690125977 364.873628549331 362.732626469952 360.651390820534 356.921004965506 352.850349712156 350.533319863182 352.062626695153 352.058598781682 351.317245046988 349.307026904057 347.238228328714 345.845731146429 343.807391358852 342.501972024615 341.893134732106 342.138193425274 341.570010208385 341.579894707834 342.48789426081 343.375156687152
438.793530576466 437.0947769748 434.392001758813 431.615688724327 429.501969178943 427.785835134377 426.385852025806 425.351865999144 422.534650282167 419.160266418314 413.160677367691 399.50621910735 390.857326515349 387.412522307496 381.869635946837 382.245027014825 379.262666448687 377.978054540878 374.104444756834 371.939741565365 371.633046208749 371.826907330119 370.065317017181 366.968722046763 364.85780597254 363.102842096698 360.636152218337 356.826255736808 352.528504786337 350.685280890225 349.292301096194 348.167562840276 347.504210025383 347.224660839678 344.225824094847 341.84264486498 340.440403072481 340.377742377685 339.020433490706 337.723490294565 337.373397146568 337.619299447018 337.891378845602 337.366130732484 338.857116159809 339.180299937858
