D4elev.dat76212001.txt
ncols         813
nrows         326
xllcorner     380045.00000346
yllcorner     493695.00002474
cellsize      50
NODATA_value  -9999
[rows 100 to 119 of 326, columns 276 to 321 of 813]
618.98305015814 616.783764034189 615.014579540754 614.987610484698 614.077892771602 610.970179533618 606.991207374347 601.203524059262 595.761624646649 590.859018801076 582.885429660754 577.993847597527 573.021417574261 569.001113353374 565.489110282143 560.102694960491 556.499108288309 553.005104738793 549.394219366653 545.436880259616 542.705620559584 540.912296836789 539.581392508719 537.288902158308 535.310751253092 535.682122434291 534.898275569461 534.891458048335 534.097217829291 533.299114362889 532.498184810558 531.990615918121 530.800262728961 530.773040324893 529.152844552177 524.284145097072 519.083859092136 513.39095027443 507.676331915752 500.899586988929 494.835026906233 492.781485465569 489.830936256267 481.43280216154 477.404329813321 474.082356836492
619.012214460967 618.592119212737 618.579277940217 617.679092991257 615.882000215284 613.180221292761 610.928665551061 604.680704355554 597.997688725848 590.555816774004 589.057757721887 583.317391983528 577.957116230132 572.61590563057 568.988532720892 564.598867424485 559.676460242265 555.601624098256 551.23757560299 548.090737901469 545.402219134484 543.600584466719 541.315150773738 539.309373446596 538.889118219209 538.094909383295 537.296019309389 536.490361715719 534.899685879277 533.690422740007 531.998217296521 530.799811827593 530.775737651161 528.784236463511 526.778222903846 522.684710643928 517.493633514125 512.191406811844 506.490891265237 500.385302739976 493.239470021398 490.661130735266 485.092712073623 479.414541457858 475.69216695485 472.474834483145
620.773780633881 619.491810232441 618.577309167541 617.186377275971 615.481784995031 613.189633669786 610.961629135792 604.710416386609 599.408760072899 594.907146711977 592.206364780057 588.653763732325 582.044702727429 578.021336955175 573.020610772503 570.772979296367 564.085319242437 559.162816411107 554.70051972197 550.340178084073 548.116531939529 546.678326967645 544.014859131501 541.809815898357 540.607889805654 540.977365075212 538.500583795886 536.894322894486 535.291743994778 533.29461963262 531.198571065301 529.21332419478 528.393582311096 526.787026922002 523.886154198394 520.673023927253 516.162986040243 510.583143056357 505.295608357527 499.585535494164 491.949118504688 487.490332534085 481.046990320497 476.517105961721 473.273787904666 469.651380336239
619.484871311218 618.583260230691 617.178501139612 615.477288078141 613.202476289752 611.413845447516 610.971922155978 607.340271698893 599.843395037241 597.201740414074 594.882413269799 592.181051178691 588.631684839671 583.329998303997 580.187972305789 574.404505907654 568.97808671196 561.922050822904 558.745982034253 554.276471841449 550.376546159874 550.664655357025 547.201980873905 544.605877549291 543.001455453866 541.40079427264 539.299515699209 536.903272764377 534.884574686517 532.491037837747 530.392717421934 528.397933252786 526.787428914767 524.297563415252 521.09180272734 517.457097592058 511.420881542727 507.715382965768 504.87193175478 499.165791970545 492.75948959922 486.228165918457 479.385565025779 473.705900376722 468.807219872289 464.396880452546
617.19231933758 615.891959904136 614.092190834834 612.299949596237 611.002276191329 610.97157932122 610.056848626823 607.844648085283 601.600788305566 598.493703879672 596.286720359557 593.106001026598 590.011745514523 587.262903690505 583.300445295124 578.780126475553 571.718403817972 566.790937617037 561.415919060975 558.243487337697 554.712740465373 552.109367311636 548.906816905095 546.992614034336 544.596123217427 542.200669360209 540.963274656034 537.275898641586 533.303334386522 530.418526808851 529.188316004375 527.194301810056 525.190512165942 522.665483259079 519.024999061255 511.435981970053 507.731777759435 506.073012585146 504.00731890292 497.911472702345 489.445374524826 481.02224069831 476.07447491026 470.860347152302 465.173570755236 459.130326030454
615.479435570173 612.805832392361 610.530095195706 609.219179500236 608.778103871385 607.380296602335 606.475095259596 604.679494916912 602.088988515407 598.900326051083 597.174047768058 594.483801735001 591.781970083883 589.084874770261 585.079734826527 580.609009562866 575.700980403045 569.930402751014 566.281387817076 561.009388488462 558.316591874981 555.199256190141 551.202430033351 548.291241403434 545.392745587496 542.586677125017 539.275076271771 535.28548243881 531.984227153846 529.568601067909 526.777668422791 525.94370274813 523.832065928073 520.584044444233 511.830765983461 507.319832534354 505.261676426235 502.830978288496 497.947759896553 491.449307472037 482.974885250595 475.701671820511 471.637371613983 465.577379243727 459.899904087447 455.093755405323
612.795630349676 610.521480253649 609.576038576154 607.382006360153 605.571668728012 601.676116733623 601.622660101965 600.73631587862 600.702387826712 599.393989723405 597.553913010433 594.47272753617 591.314113427803 590.829087524926 586.376565913858 582.374768135263 578.79294667492 574.792663437638 571.309197411356 568.085040876507 562.804841249775 558.288423437002 553.410095502256 549.112434843984 545.410214715579 541.795587709794 536.898043838515 530.473141898607 529.578238553651 526.005357738863 522.33776732814 519.931240108795 519.053284221295 514.149788849693 505.754517097199 502.494064933274 500.351096248483 496.348007606872 490.258520032117 482.964252733708 474.516605800827 468.056084484752 465.156996348921 458.727730721244 454.686137067416 450.180940919273
610.972201689051 609.57470564271 607.371093648074 604.313949294312 601.262565644984 600.698559892187 598.938804950441 600.674562380398 600.676453474279 599.361668680293 596.281455072152 592.226071138781 590.881647537684 588.658936927057 585.494696964411 582.402532107514 581.03116191741 577.471110876648 573.492856713247 570.79062751187 568.561075587166 560.613899138032 556.468761249684 551.092024913406 546.971450606451 542.158063927596 535.66207402483 528.824865325936 525.98476247408 523.85800097946 520.626710815568 516.159029069891 512.568157072203 508.046732012754 500.034385052415 496.389124708741 493.899308101615 488.21029116385 481.315047849438 472.503584005228 466.407349535175 462.743655314493 458.235492792473 452.215306870627 448.968072341338 444.855470813668
608.267849449746 606.484139389882 604.680902656203 602.115047807028 600.698012611782 598.908738443087 598.475118957038 597.585294790172 597.593341689546 597.572107866979 594.87953387526 590.922238054413 588.699383814187 586.385226109072 582.923346387131 581.118999770616 581.053892477349 577.456136529933 573.894297878356 570.809628896092 569.825978328419 563.680273951415 557.368608083329 551.084720952122 546.564847610469 541.720340716695 532.026835649651 526.02979640851 520.768481507899 520.596634258062 512.666977345388 510.951833926226 506.430004537115 499.217347933223 494.744558499411 490.155432370697 482.924628511564 475.310899315354 467.67284345828 462.052923394424 457.524480428632 454.263025529366 449.011768708826 444.916940750171 442.811449374043 437.63836768452
604.721000336838 601.670320245593 601.21074392343 600.692869427485 599.768404912001 597.586370242976 595.801102709426 594.900299661998 594.495512513358 594.86911965833 592.679418874297 590.858337596507 587.26006170285 583.803772752599 580.637678154513 580.164338037448 578.757543670511 575.679892071553 572.574792446016 570.743916731249 567.12626719743 562.754738617102 556.054975744932 548.29685289966 543.754425540133 538.40337271778 529.582355409571 523.866833312955 519.055915053627 511.476202735913 508.582749370076 504.434665117598 497.231491401494 491.869526791166 485.827695220639 477.401604412329 469.373950361238 463.639310904155 458.708773019267 454.661103625182 449.386586814329 444.886426796233 440.14045984593 438.419661556083 432.782088433472 427.836687869598
603.423405404759 599.020433352555 598.907215127216 598.851370968866 597.55869934408 595.387642869168 593.121985601595 591.829661672421 591.304933866153 590.879478929509 589.089629735559 586.888271381738 584.672299951833 581.957854093593 578.798426556254 576.622801890686 575.29098134856 572.590213011437 569.482753237632 565.882461039248 561.890546150981 558.69321957434 549.81942659127 544.568226155221 538.822243373236 529.258342666434 524.31886897544 519.131642056311 515.35835185778 508.969305242815 501.35675362809 497.572997641582 490.285203026402 482.952931839481 474.108953244776 465.658975267487 459.526510070386 453.937421927676 449.068947685208 446.17499174944 440.125391773215 435.60685813955 432.364953048219 429.372398633704 422.995439542762 416.008711931916
604.705200151872 599.794651965052 598.327978047965 592.31340176014 593.115203359275 593.566794607127 590.542280856969 590.832955814338 588.190396591601 586.878746407993 585.078896703543 582.393746675928 581.054479541939 577.982116579334 575.693234935598 575.22133280324 572.157200477021 568.607093783439 566.262254387229 561.382322452151 556.070198392253 549.418056129569 543.995757728063 538.851093697285 529.667375083952 523.956760863141 519.916300066963 516.182190255095 512.096293300125 503.671857844171 497.524984724992 490.989423236482 483.319048573279 472.888067167996 463.287270638056 456.761084054673 450.312156796442 445.893985057794 442.905340093336 438.474906422346 431.643518441324 426.705553277959 421.710036458819 416.756846926786 405.693602703423 402.660689535343
605.222605074328 599.781382771691 593.59865685659 589.350945751112 590.829304351181 590.881423050635 589.087215371054 587.265850932402 584.689464522265 581.974741404496 580.143347758986 577.448903468598 574.395847645669 573.831030422854 570.79256410826 570.705105978023 567.668361587531 564.572609205878 561.83984487576 557.790484942919 549.374583058308 541.855506020182 536.915233406864 531.234340461837 526.01288931519 521.082875809786 517.03910677285 512.117512410927 506.362921649391 496.006431005346 489.079468557538 481.740524304424 472.095946535324 463.237421403611 455.559697085546 450.98610069894 445.803492763197 442.414619726951 437.138111602888 431.400213873282 423.787847460651 418.658976746978 408.421750716903 404.150172313761 403.094403018938 399.957215162479
604.251522603533 597.836653838922 591.407704565631 589.549589647112 588.578712012408 588.484033490437 586.838650744913 584.157298570647 580.182012060443 576.54492249667 570.839864148681 568.987153063636 567.196286627846 567.065193395641 563.978357510871 562.630442854747 561.712534501844 558.999484925784 555.011765310314 548.42657750601 542.632847371524 536.376652880419 531.108831238359 526.792742160162 523.403798351198 516.127027035328 511.22780538624 503.939452178571 495.136468889828 487.443858700581 481.24559889134 471.220365869968 460.001398397587 455.092441484458 449.032829824019 444.502178799189 440.421151989583 434.643824768173 429.778118038208 420.415817192416 416.180288352515 414.73154977094 414.126260312022 419.018304083886 419.607267061465 421.267452375722
601.438162503084 595.476412065049 589.196650088451 584.265719547595 581.36216877993 584.205491568485 582.012591659905 580.500804509786 575.564686551852 569.541391023355 562.137892028517 560.314295306301 559.329225507864 557.996657664994 549.573104380845 545.546131121431 548.183992177943 540.040601025244 539.463615568479 535.142360920781 531.100328859693 530.028236522104 525.11228451896 522.369610887421 514.344849462298 508.284234150434 493.887635077515 487.73125661403 481.250457581513 475.131232621552 467.040220563802 458.837976629329 448.602518059272 445.980983133554 443.588047393242 438.391590398113 431.586200858633 426.176846566011 424.231794072485 424.041457580317 425.014191617738 430.893539520627 430.178857088786 428.304445242942 429.080124409249 429.981921975411
596.892809747134 592.732348047576 588.658643106951 581.246946585176 579.46375550667 580.182499145972 579.689019380021 575.578475851345 569.10553082771 564.129948386286 563.700683059038 562.382509390018 561.962432455315 560.647643993326 560.933973648997 555.532275344891 534.640551800937 527.269188161536 524.455353891669 525.153356335252 519.018495297251 513.269955111196 510.438190241604 497.647893291161 489.521884329319 483.184436855252 470.995128607347 461.12107908609 460.790093802373 453.22057025216 448.91243896465 442.761072006114 440.670896072901 438.784862135279 432.380203906757 431.160498794271 428.483629509395 432.085540730669 440.621975095815 439.885537918394 441.574589767196 440.078884169614 440.045865478103 437.203348974724 437.177010695962 437.669230082924
594.170451847415 589.241405810889 586.922651669359 582.137397051602 580.358034526406 579.379987258929 577.383832550916 569.692972718388 571.368362266428 573.493592234376 574.343240411873 573.433735889093 570.780105048162 570.354766378724 568.074441244739 562.230291645805 544.914458399306 528.692909545668 519.304069528322 509.963314923134 510.603168524028 502.054154524489 489.701026229387 486.168879778979 483.009411326118 477.789404508429 469.786066695907 464.984659668153 455.9071099339 452.011489200182 449.834586664588 447.585181494642 447.292476729125 445.857120963267 442.886646424207 445.920289566389 444.787368727309 446.506160236326 447.400298371857 448.224117310696 449.774487315979 448.995170857687 447.396621824488 444.908688350961 443.697517067971 443.27774998721
597.981510064887 593.578147487874 589.144066428417 590.805303691887 587.644336029477 584.239954964375 583.282838944757 581.975189201781 583.230413508034 583.248945825224 581.485015123864 579.297492093358 577.981086301485 577.460756073692 573.477937504011 566.245862364793 555.547565744199 550.512518290831 530.891790780201 513.238079743218 499.902989888452 494.057800885865 500.089723525997 499.92594304344 496.398727408203 490.608218278742 480.250044134238 473.331379665844 470.771442335606 462.83910318161 462.67365112707 459.084282473765 458.602376281918 456.200264578307 453.884007208187 454.640080904945 455.447821199753 455.874622998705 456.675585553717 457.478287845942 458.272432561938 458.648019099414 457.038679828195 452.2104089542 450.201021600858 448.582976631753
601.635146173519 596.676511912648 593.598613585847 590.587877667273 590.876725744732 590.827126367149 589.957890817601 590.837730764623 589.975637074644 589.970180482731 589.547821199735 585.972988427035 582.411471765472 581.48520076502 576.585886795863 571.224934197675 556.514659178928 541.901684646024 530.688161062983 525.183797264046 521.387565661407 510.663475574434 509.137812315929 508.077462721446 506.106635019965 504.805507187586 495.569916907272 485.606849879791 480.683305762726 478.191003473693 472.574385160958 469.371230442869 466.084931124112 462.559144416073 461.695278651788 462.418805177929 463.963675387228 464.39955677154 465.183491534594 465.589155576404 466.369620988339 465.576151947061 462.80220619297 460.296475047408 457.894720733732 453.866931820137
605.582016657377 599.425420544682 596.659566541872 594.510372480984 592.768092416091 593.127761552231 594.476810145833 594.492349259041 595.369891147259 594.876205569837 593.976710184711 589.991153341981 587.783800233682 585.478462552502 580.184218223184 574.707166666037 557.53419616888 547.24207375066 537.895674709205 530.847285439054 532.266885915672 525.292554940774 516.055118309339 514.690662053405 520.545264032784 516.08475813556 510.073763886652 503.222553738943 496.810724715589 495.087690840134 486.739752064383 485.385755223392 478.597376007593 473.427781427375 472.126706433599 469.507919665572 472.483805184386 473.297720494969 473.298838008709 473.295337606267 473.671229823713 472.088276271029 470.869763828645 468.769233425854 465.165116591428 457.40053994015
